# header:
#   title: bremsstrahlung for E-incident 132 MeV
# datablock:
#   columns: 2
#   entries: 264
## photon energy  phi_norm_per_MeV
##    [MeV]            []
    0.35              5.604599609290e-01
    0.85              2.299011492732e-01
    1.35              1.442007166217e-01
    1.85              1.048248421602e-01
    2.35              8.220465895889e-02
    2.85              6.752138214402e-02
    3.35              5.722117303508e-02
    3.85              4.959634291548e-02
    4.35              4.372434730613e-02
    4.85              3.906307244097e-02
    5.35              3.527306390575e-02
    5.85              3.213092007741e-02
    6.35              2.948360204880e-02
    6.85              2.722275380540e-02
    7.35              2.526950396245e-02
    7.85              2.356507575555e-02
    8.35              2.206477068720e-02
    8.85              2.073399161528e-02
    9.35              1.954554185586e-02
    9.85              1.847774689435e-02
   10.35              1.751312052816e-02
   10.85              1.663739981783e-02
   11.35              1.583883511723e-02
   11.85              1.510765984284e-02
   12.35              1.443568904410e-02
   12.85              1.381601169274e-02
   13.35              1.324275212051e-02
   13.85              1.271088313111e-02
   14.35              1.221607818278e-02
   14.85              1.175459343300e-02
   15.35              1.132317283629e-02
   15.85              1.091897120468e-02
   16.35              1.053949138539e-02
   16.85              1.018253262363e-02
   17.35              9.846147853908e-03
   17.85              9.528608169320e-03
   18.35              9.228373099697e-03
   18.85              8.944065619973e-03
   19.35              8.674451033259e-03
   19.85              8.418419045371e-03
   20.35              8.174968481950e-03
   20.85              7.943194204544e-03
   21.35              7.722275865190e-03
   21.85              7.511468204983e-03
   22.35              7.310092654852e-03
   22.85              7.117530039081e-03
   23.35              6.933214216277e-03
   23.85              6.756626520215e-03
   24.35              6.587290885593e-03
   24.85              6.424769562224e-03
   25.35              6.268659336423e-03
   25.85              6.118588190924e-03
   26.35              5.974212345065e-03
   26.85              5.835213625680e-03
   27.35              5.701297126383e-03
   27.85              5.572189118982e-03
   28.35              5.447635185916e-03
   28.85              5.327398546890e-03
   29.35              5.211258556553e-03
   29.85              5.099009353162e-03
   30.35              4.990458640822e-03
   30.85              4.885426590147e-03
   31.35              4.783744844118e-03
   31.85              4.685255617587e-03
   32.35              4.589810880285e-03
   32.85              4.497271614438e-03
   33.35              4.407507139171e-03
   33.85              4.320394494783e-03
   34.35              4.235817880800e-03
   34.85              4.153668142397e-03
   35.35              4.073842300413e-03
   35.85              3.996243120688e-03
   36.35              3.920778718947e-03
   36.85              3.847362197850e-03
   37.35              3.775911313195e-03
   37.85              3.706348166576e-03
   38.35              3.638598922085e-03
   38.85              3.572593544892e-03
   39.35              3.508265559749e-03
   39.85              3.445551827683e-03
   40.35              3.384392339287e-03
   40.85              3.324730023190e-03
   41.35              3.266510568425e-03
   41.85              3.209682259532e-03
   42.35              3.154195823341e-03
   42.85              3.100004286477e-03
   43.35              3.047062842736e-03
   43.85              2.995328729525e-03
   44.35              2.944761112666e-03
   44.85              2.895320978903e-03
   45.35              2.846971035521e-03
   45.85              2.799675616531e-03
   46.35              2.753400594930e-03
   46.85              2.708113300578e-03
   47.35              2.663782443276e-03
   47.85              2.620378040673e-03
   48.35              2.577871350636e-03
   48.85              2.536234807785e-03
   49.35              2.495441963878e-03
   49.85              2.455467431784e-03
   50.35              2.416286832801e-03
   50.85              2.377876747071e-03
   51.35              2.340214666906e-03
   51.85              2.303278952800e-03
   52.35              2.267048791972e-03
   52.85              2.231504159259e-03
   53.35              2.196625780204e-03
   53.85              2.162395096211e-03
   54.35              2.128794231610e-03
   54.85              2.095805962536e-03
   55.35              2.063413687482e-03
   55.85              2.031601399449e-03
   56.35              2.000353659561e-03
   56.85              1.969655572090e-03
   57.35              1.939492760774e-03
   57.85              1.909851346369e-03
   58.35              1.880717925356e-03
   58.85              1.852079549730e-03
   59.35              1.823923707812e-03
   59.85              1.796238306027e-03
   60.35              1.769011651579e-03
   60.85              1.742232435988e-03
   61.35              1.715889719428e-03
   61.85              1.689972915828e-03
   62.35              1.664471778685e-03
   62.85              1.639376387559e-03
   63.35              1.614677135204e-03
   63.85              1.590364715305e-03
   64.35              1.566430110789e-03
   64.85              1.542864582673e-03
   65.35              1.519659659425e-03
   65.85              1.496807126811e-03
   66.35              1.474299018200e-03
   66.85              1.452127605305e-03
   67.35              1.430285389334e-03
   67.85              1.408765092538e-03
   68.35              1.387559650121e-03
   68.85              1.366662202511e-03
   69.35              1.346066087959e-03
   69.85              1.325764835462e-03
   70.35              1.305752157982e-03
   70.85              1.286021945958e-03
   71.35              1.266568261082e-03
   71.85              1.247385330344e-03
   72.35              1.228467540322e-03
   72.85              1.209809431700e-03
   73.35              1.191405694021e-03
   73.85              1.173251160643e-03
   74.35              1.155340803908e-03
   74.85              1.137669730496e-03
   75.35              1.120233176970e-03
   75.85              1.103026505494e-03
   76.35              1.086045199723e-03
   76.85              1.069284860844e-03
   77.35              1.052741203787e-03
   77.85              1.036410053565e-03
   78.35              1.020287341762e-03
   78.85              1.004369103160e-03
   79.35              9.886514724789e-04
   79.85              9.731306812556e-04
   80.35              9.578030548267e-04
   80.85              9.426650094297e-04
   81.35              9.277130494094e-04
   81.85              9.129437645268e-04
   82.35              8.983538273659e-04
   82.85              8.839399908346e-04
   83.35              8.696990857553e-04
   83.85              8.556280185423e-04
   84.35              8.417237689607e-04
   84.85              8.279833879658e-04
   85.35              8.144039956176e-04
   85.85              8.009827790684e-04
   86.35              7.877169906206e-04
   86.85              7.746039458509e-04
   87.35              7.616410217998e-04
   87.85              7.488256552223e-04
   88.35              7.361553408981e-04
   88.85              7.236276299989e-04
   89.35              7.112401285111e-04
   89.85              6.989904957099e-04
   90.35              6.868764426851e-04
   90.85              6.748957309154e-04
   91.35              6.630461708892e-04
   91.85              6.513256207707e-04
   92.35              6.397319851094e-04
   92.85              6.282632135909e-04
   93.35              6.169172998284e-04
   93.85              6.056922801923e-04
   94.35              5.945862326773e-04
   94.85              5.835972758057e-04
   95.35              5.727235675641e-04
   95.85              5.619633043745e-04
   96.35              5.513147200972e-04
   96.85              5.407760850638e-04
   97.35              5.303457051411e-04
   97.85              5.200219208232e-04
   98.35              5.098031063510e-04
   98.85              4.996876688587e-04
   99.35              4.896740475465e-04
   99.85              4.797607128774e-04
  100.35              4.699461657984e-04
  100.85              4.602289369850e-04
  101.35              4.506075861075e-04
  101.85              4.410807011199e-04
  102.35              4.316468975684e-04
  102.85              4.223048179211e-04
  103.35              4.130531309168e-04
  103.85              4.038905309323e-04
  104.35              3.948157373683e-04
  104.85              3.858274940529e-04
  105.35              3.769245686617e-04
  105.85              3.681057521547e-04
  106.35              3.593698582288e-04
  106.85              3.507157227861e-04
  107.35              3.421422034165e-04
  107.85              3.336481788950e-04
  108.35              3.252325486930e-04
  108.85              3.168942325030e-04
  109.35              3.086321697761e-04
  109.85              3.004453192725e-04
  110.35              2.923326586239e-04
  110.85              2.842931839081e-04
  111.35              2.763259092346e-04
  111.85              2.684298663418e-04
  112.35              2.606041042047e-04
  112.85              2.528476886527e-04
  113.35              2.451597019985e-04
  113.85              2.375392426754e-04
  114.35              2.299854248855e-04
  114.85              2.224973782561e-04
  115.35              2.150742475057e-04
  115.85              2.077151921178e-04
  116.35              2.004193860241e-04
  116.85              1.931860172954e-04
  117.35              1.860142878401e-04
  117.85              1.789034131107e-04
  118.35              1.718526218180e-04
  118.85              1.648611556519e-04
  119.35              1.579282690095e-04
  119.85              1.510532287305e-04
  120.35              1.442353138381e-04
  120.85              1.374738152874e-04
  121.35              1.307680357194e-04
  121.85              1.241172892212e-04
  122.35              1.175209010925e-04
  122.85              1.109782076169e-04
  123.35              1.044885558395e-04
  123.85              9.805130334972e-05
  124.35              9.166581806937e-05
  124.85              8.533147804557e-05
  125.35              7.904767124893e-05
  125.85              7.281379537638e-05
  126.35              6.662925765873e-05
  126.85              6.049347467280e-05
  127.35              5.440587215790e-05
  127.85              4.836588483670e-05
  128.35              4.237295624024e-05
  128.85              3.642653853705e-05
  129.35              3.052609236616e-05
  129.85              2.467108667406e-05
  130.35              1.886099855535e-05
  130.85              1.309531309709e-05
  131.35              7.373523226625e-06
  131.85              1.695129562995e-06
