# header:
#   title: bremsstrahlung for E-incident 94 MeV
# datablock:
#   columns: 2
#   entries: 188
## photon energy  phi_norm_per_MeV
##    [MeV]            []
    0.35              5.997818789272e-01
    0.85              2.456504344427e-01
    1.35              1.538385784652e-01
    1.85              1.116547527458e-01
    2.35              8.742149116237e-02
    2.85              7.169112838012e-02
    3.35              6.065639627913e-02
    3.85              5.248782836022e-02
    4.35              4.619709214681e-02
    4.85              4.120341494647e-02
    5.35              3.714313535367e-02
    5.85              3.377692064853e-02
    6.35              3.094081849538e-02
    6.85              2.851874585364e-02
    7.35              2.642620690465e-02
    7.85              2.460023342688e-02
    8.35              2.299293940751e-02
    8.85              2.156726053158e-02
    9.35              2.029406067981e-02
    9.85              1.915011969625e-02
   10.35              1.811670441157e-02
   10.85              1.717853477526e-02
   11.35              1.632302325668e-02
   11.85              1.553970680296e-02
   12.35              1.481981678274e-02
   12.85              1.415594933219e-02
   13.35              1.354180978055e-02
   13.85              1.297201243481e-02
   14.35              1.244192222118e-02
   14.85              1.194752831823e-02
   15.35              1.148534248713e-02
   15.85              1.105231664538e-02
   16.35              1.064577556459e-02
   16.85              1.026336155090e-02
   17.35              9.902988690749e-03
   17.85              9.562804786345e-03
   18.35              9.241159514334e-03
   18.85              8.936577651979e-03
   19.35              8.647736454344e-03
   19.85              8.373446450545e-03
   20.35              8.112635071012e-03
   20.85              7.864332630545e-03
   21.35              7.627660280966e-03
   21.85              7.401819617866e-03
   22.35              7.186083682423e-03
   22.85              6.979789144591e-03
   23.35              6.782329490607e-03
   23.85              6.593149067398e-03
   24.35              6.411737860748e-03
   24.85              6.237626903862e-03
   25.35              6.070384229299e-03
   25.85              5.909611290696e-03
   26.35              5.754939791889e-03
   26.85              5.606028870318e-03
   27.35              5.462562589389e-03
   27.85              5.324247700954e-03
   28.35              5.190811644562e-03
   28.85              5.062000754769e-03
   29.35              4.937578651681e-03
   29.85              4.817324793253e-03
   30.35              4.701033170688e-03
   30.85              4.588511130702e-03
   31.35              4.479578310491e-03
   31.85              4.374065673020e-03
   32.35              4.271814631760e-03
   32.85              4.172676255379e-03
   33.35              4.076510543957e-03
   33.85              3.983185769357e-03
   34.35              3.892577873202e-03
   34.85              3.804569916679e-03
   35.35              3.719051577030e-03
   35.85              3.635918686187e-03
   36.35              3.555072807471e-03
   36.85              3.476420846766e-03
   37.35              3.399874694915e-03
   37.85              3.325350898464e-03
   38.35              3.252770356157e-03
   38.85              3.182058038877e-03
   39.35              3.113142730931e-03
   39.85              3.045956790813e-03
   40.35              2.980435929756e-03
   40.85              2.916519006547e-03
   41.35              2.854147837224e-03
   41.85              2.793267018422e-03
   42.35              2.733823763228e-03
   42.85              2.675767748530e-03
   43.35              2.619050972924e-03
   43.85              2.563627624356e-03
   44.35              2.509453956703e-03
   44.85              2.456488174616e-03
   45.35              2.404690325983e-03
   45.85              2.354022201419e-03
   46.35              2.304447240277e-03
   46.85              2.255930442660e-03
   47.35              2.208438287019e-03
   47.85              2.161938652918e-03
   48.35              2.116400748581e-03
   48.85              2.071795042900e-03
   49.35              2.028093201569e-03
   49.85              1.985268027065e-03
   50.35              1.943293402204e-03
   50.85              1.902144237025e-03
   51.35              1.861796418783e-03
   51.85              1.822226764826e-03
   52.35              1.783412978186e-03
   52.85              1.745333605672e-03
   53.35              1.707967998342e-03
   53.85              1.671296274156e-03
   54.35              1.635299282706e-03
   54.85              1.599958571866e-03
   55.35              1.565256356253e-03
   55.85              1.531175487383e-03
   56.35              1.497699425415e-03
   56.85              1.464812212382e-03
   57.35              1.432498446829e-03
   57.85              1.400743259765e-03
   58.35              1.369532291846e-03
   58.85              1.338851671724e-03
   59.35              1.308687995497e-03
   59.85              1.279028307176e-03
   60.35              1.249860080137e-03
   60.85              1.221171199474e-03
   61.35              1.192949945229e-03
   61.85              1.165184976419e-03
   62.35              1.137865315851e-03
   62.85              1.110980335642e-03
   63.35              1.084519743439e-03
   63.85              1.058473569281e-03
   64.35              1.032832153075e-03
   64.85              1.007586132647e-03
   65.35              9.827264323473e-04
   65.85              9.582442521740e-04
   66.35              9.341310573839e-04
   66.85              9.103785685742e-04
   67.35              8.869787522042e-04
   67.85              8.639238115360e-04
   68.35              8.412061779734e-04
   68.85              8.188185027777e-04
   69.35              7.967536491422e-04
   69.85              7.750046846067e-04
   70.35              7.535648737959e-04
   70.85              7.324276714651e-04
   71.35              7.115867158384e-04
   71.85              6.910358222245e-04
   72.35              6.707689768984e-04
   72.85              6.507803312335e-04
   73.35              6.310641960753e-04
   73.85              6.116150363425e-04
   74.35              5.924274658461e-04
   74.85              5.734962423169e-04
   75.35              5.548162626302e-04
   75.85              5.363825582195e-04
   76.35              5.181902906708e-04
   76.85              5.002347474883e-04
   77.35              4.825113380251e-04
   77.85              4.650155895698e-04
   78.35              4.477431435835e-04
   78.85              4.306897520803e-04
   79.35              4.138512741437e-04
   79.85              3.972236725744e-04
   80.35              3.808030106637e-04
   80.85              3.645854490859e-04
   81.35              3.485672429054e-04
   81.85              3.327447386942e-04
   82.35              3.171143717533e-04
   82.85              3.016726634357e-04
   83.35              2.864162185653e-04
   83.85              2.713417229479e-04
   84.35              2.564459409715e-04
   84.85              2.417257132906e-04
   85.35              2.271779545925e-04
   85.85              2.127996514413e-04
   86.35              1.985878601969e-04
   86.85              1.845397050060e-04
   87.35              1.706523758618e-04
   87.85              1.569231267308e-04
   88.35              1.433492737415e-04
   88.85              1.299281934364e-04
   89.35              1.166573210810e-04
   89.85              1.035341490301e-04
   90.35              9.055622514797e-05
   90.85              7.772115128105e-05
   91.35              6.502658178049e-05
   91.85              5.247022207308e-05
   92.35              4.004982727858e-05
   92.85              2.776320087175e-05
   93.35              1.560819338732e-05
   93.85              3.582701166443e-06
