# header:
#   title: bremsstrahlung for E-incident 176 MeV
# datablock:
#   columns: 2
#   entries: 352
## photon energy  phi_norm_per_MeV
##    [MeV]            []
    0.35              5.308642199225e-01
    0.85              2.179689143973e-01
    1.35              1.368479092611e-01
    1.85              9.957609609043e-02
    2.35              7.816462894983e-02
    2.85              6.426595729716e-02
    3.35              5.451614285425e-02
    3.85              4.729874774715e-02
    4.35              4.174052392904e-02
    4.85              3.732832564044e-02
    5.35              3.374083731233e-02
    5.85              3.076659485227e-02
    6.35              2.826073703159e-02
    6.85              2.612069787086e-02
    7.35              2.427182050071e-02
    7.85              2.265846891019e-02
    8.35              2.123833307902e-02
    8.85              1.997866457340e-02
    9.35              1.885371997213e-02
    9.85              1.784298294459e-02
   10.35              1.692990166851e-02
   10.85              1.610097534874e-02
   11.35              1.534508218490e-02
   11.85              1.465297747371e-02
   12.35              1.401691362982e-02
   12.85              1.343034891775e-02
   13.35              1.288772163729e-02
   13.85              1.238427322186e-02
   14.35              1.191590831969e-02
   14.85              1.147908314157e-02
   15.35              1.107071562978e-02
   15.85              1.068811262977e-02
   16.35              1.032891042488e-02
   16.85              9.991025858252e-03
   17.35              9.672615906418e-03
   17.85              9.372044047124e-03
   18.35              9.087852125666e-03
   18.85              8.818736698715e-03
   19.35              8.563529045767e-03
   19.85              8.321178201531e-03
   20.35              8.090736489690e-03
   20.85              7.871347138130e-03
   21.35              7.662233634418e-03
   21.85              7.462690542775e-03
   22.35              7.272075553666e-03
   22.85              7.089802577210e-03
   23.35              6.915335723942e-03
   23.85              6.748184042719e-03
   24.35              6.587896906927e-03
   24.85              6.434059957685e-03
   25.35              6.286291527151e-03
   25.85              6.144239476909e-03
   26.35              6.007578396315e-03
   26.85              5.876007113881e-03
   27.35              5.749246481628e-03
   27.85              5.627037398109e-03
   28.35              5.509139040640e-03
   28.85              5.395327281350e-03
   29.35              5.285393265136e-03
   29.85              5.179142130538e-03
   30.35              5.076391857047e-03
   30.85              4.976972224511e-03
   31.35              4.880723872121e-03
   31.85              4.787497446022e-03
   32.35              4.697152825984e-03
   32.85              4.609558422691e-03
   33.35              4.524590538237e-03
   33.85              4.442132783309e-03
   34.35              4.362075545264e-03
   34.85              4.284315501998e-03
   35.35              4.208755177071e-03
   35.85              4.135302532057e-03
   36.35              4.063870592546e-03
   36.85              3.994377104583e-03
   37.35              3.926744218706e-03
   37.85              3.860898199035e-03
   38.35              3.796769155106e-03
   38.85              3.734290794417e-03
   39.35              3.673400193848e-03
   39.85              3.614037588274e-03
   40.35              3.556146174908e-03
   40.85              3.499671932003e-03
   41.35              3.444563450717e-03
   41.85              3.390771779019e-03
   42.35              3.338250276665e-03
   42.85              3.286954480317e-03
   43.35              3.236841978002e-03
   43.85              3.187872292159e-03
   44.35              3.140006770597e-03
   44.85              3.093208484745e-03
   45.35              3.047442134633e-03
   45.85              3.002673960096e-03
   46.35              2.958871657718e-03
   46.85              2.916004303096e-03
   47.35              2.874042278033e-03
   47.85              2.832957202292e-03
   48.35              2.792721869586e-03
   48.85              2.753310187498e-03
   49.35              2.714697121055e-03
   49.85              2.676858639697e-03
   50.35              2.639771667402e-03
   50.85              2.603414035762e-03
   51.35              2.567764439792e-03
   51.85              2.532802396299e-03
   52.35              2.498508204640e-03
   52.85              2.464862909702e-03
   53.35              2.431848266964e-03
   53.85              2.399446709514e-03
   54.35              2.367641316875e-03
   54.85              2.336415785542e-03
   55.35              2.305754401116e-03
   55.85              2.275642011935e-03
   56.35              2.246064004106e-03
   56.85              2.217006277858e-03
   57.35              2.188455225127e-03
   57.85              2.160397708311e-03
   58.35              2.132821040114e-03
   58.85              2.105712964408e-03
   59.35              2.079061638083e-03
   59.85              2.052855613785e-03
   60.35              2.027083823527e-03
   60.85              2.001735563101e-03
   61.35              1.976800477253e-03
   61.85              1.952268545583e-03
   62.35              1.928130069111e-03
   62.85              1.904375657500e-03
   63.35              1.880996216870e-03
   63.85              1.857982938191e-03
   64.35              1.835327286221e-03
   64.85              1.813020988946e-03
   65.35              1.791056027512e-03
   65.85              1.769424626617e-03
   66.35              1.748119245329e-03
   66.85              1.727132568323e-03
   67.35              1.706457497508e-03
   67.85              1.686087144023e-03
   68.35              1.666014820582e-03
   68.85              1.646234034155e-03
   69.35              1.626738478968e-03
   69.85              1.607522029795e-03
   70.35              1.588578735551e-03
   70.85              1.569902813138e-03
   71.35              1.551488641565e-03
   71.85              1.533330756304e-03
   72.35              1.515423843887e-03
   72.85              1.497762736720e-03
   73.35              1.480342408110e-03
   73.85              1.463157967497e-03
   74.35              1.446204655877e-03
   74.85              1.429477841407e-03
   75.35              1.412973015184e-03
   75.85              1.396685787197e-03
   76.35              1.380611882433e-03
   76.85              1.364747137131e-03
   77.35              1.349087495195e-03
   77.85              1.333629004729e-03
   78.35              1.318367814715e-03
   78.85              1.303300171817e-03
   79.35              1.288422417298e-03
   79.85              1.273730984062e-03
   80.35              1.259222393804e-03
   80.85              1.244893254261e-03
   81.35              1.230740256568e-03
   81.85              1.216760172714e-03
   82.35              1.202949853083e-03
   82.85              1.189306224094e-03
   83.35              1.175826285915e-03
   83.85              1.162507110266e-03
   84.35              1.149345838301e-03
   84.85              1.136339678556e-03
   85.35              1.123485904983e-03
   85.85              1.110781855039e-03
   86.35              1.098224927850e-03
   86.85              1.085812582437e-03
   87.35              1.073542335999e-03
   87.85              1.061411762257e-03
   88.35              1.049418489860e-03
   88.85              1.037560200832e-03
   89.35              1.025834629085e-03
   89.85              1.014239558971e-03
   90.35              1.002772823889e-03
   90.85              9.914323049330e-04
   91.35              9.802159295891e-04
   91.85              9.691216704712e-04
   92.35              9.581475440995e-04
   92.85              9.472916097188e-04
   93.35              9.365519681543e-04
   93.85              9.259267607034e-04
   94.35              9.154141680638e-04
   94.85              9.050124092949e-04
   95.35              8.947197408121e-04
   95.85              8.845344554120e-04
   96.35              8.744548813290e-04
   96.85              8.644793813202e-04
   97.35              8.546063517788e-04
   97.85              8.448342218751e-04
   98.35              8.351614527228e-04
   98.85              8.255865365715e-04
   99.35              8.161079960231e-04
   99.85              8.067243832720e-04
  100.35              7.974342793674e-04
  100.85              7.882362934985e-04
  101.35              7.791290623003e-04
  101.85              7.701112491796e-04
  102.35              7.611815436614e-04
  102.85              7.523386607541e-04
  103.35              7.435813403325e-04
  103.85              7.349083465400e-04
  104.35              7.263184672063e-04
  104.85              7.178105132836e-04
  105.35              7.093833182971e-04
  105.85              7.010357378121e-04
  106.35              6.927666489160e-04
  106.85              6.845749497148e-04
  107.35              6.764595588433e-04
  107.85              6.684194149897e-04
  108.35              6.604534764324e-04
  108.85              6.525607205903e-04
  109.35              6.447401435854e-04
  109.85              6.369907598168e-04
  110.35              6.293116015467e-04
  110.85              6.217017184979e-04
  111.35              6.141601774611e-04
  111.85              6.066860619142e-04
  112.35              5.992784716503e-04
  112.85              5.919365224167e-04
  113.35              5.846593455627e-04
  113.85              5.774460876973e-04
  114.35              5.702959103555e-04
  114.85              5.632079896731e-04
  115.35              5.561815160708e-04
  115.85              5.492156939454e-04
  116.35              5.423097413698e-04
  116.85              5.354628898005e-04
  117.35              5.286743837920e-04
  117.85              5.219434807196e-04
  118.35              5.152694505079e-04
  118.85              5.086515753674e-04
  119.35              5.020891495369e-04
  119.85              4.955814790324e-04
  120.35              4.891278814030e-04
  120.85              4.827276854915e-04
  121.35              4.763802312028e-04
  121.85              4.700848692759e-04
  122.35              4.638409610632e-04
  122.85              4.576478783141e-04
  123.35              4.515050029647e-04
  123.85              4.454117269318e-04
  124.35              4.393674519124e-04
  124.85              4.333715891880e-04
  125.35              4.274235594330e-04
  125.85              4.215227925287e-04
  126.35              4.156687273806e-04
  126.85              4.098608117410e-04
  127.35              4.040985020350e-04
  127.85              3.983812631910e-04
  128.35              3.927085684751e-04
  128.85              3.870798993293e-04
  129.35              3.814947452137e-04
  129.85              3.759526034517e-04
  130.35              3.704529790795e-04
  130.85              3.649953846986e-04
  131.35              3.595793403321e-04
  131.85              3.542043732835e-04
  132.35              3.488700179996e-04
  132.85              3.435758159356e-04
  133.35              3.383213154245e-04
  133.85              3.331060715478e-04
  134.35              3.279296460102e-04
  134.85              3.227916070173e-04
  135.35              3.176915291547e-04
  135.85              3.126289932713e-04
  136.35              3.076035863638e-04
  136.85              3.026149014652e-04
  137.35              2.976625375342e-04
  137.85              2.927460993481e-04
  138.35              2.878651973975e-04
  138.85              2.830194477836e-04
  139.35              2.782084721174e-04
  139.85              2.734318974213e-04
  140.35              2.686893560326e-04
  140.85              2.639804855093e-04
  141.35              2.593049285376e-04
  141.85              2.546623328417e-04
  142.35              2.500523510952e-04
  142.85              2.454746408345e-04
  143.35              2.409288643741e-04
  143.85              2.364146887232e-04
  144.35              2.319317855050e-04
  144.85              2.274798308764e-04
  145.35              2.230585054507e-04
  145.85              2.186674942205e-04
  146.35              2.143064864836e-04
  146.85              2.099751757690e-04
  147.35              2.056732597658e-04
  147.85              2.014004402523e-04
  148.35              1.971564230273e-04
  148.85              1.929409178429e-04
  149.35              1.887536383376e-04
  149.85              1.845943019722e-04
  150.35              1.804626299657e-04
  150.85              1.763583472333e-04
  151.35              1.722811823254e-04
  151.85              1.682308673676e-04
  152.35              1.642071380018e-04
  152.85              1.602097333293e-04
  153.35              1.562383958538e-04
  153.85              1.522928714267e-04
  154.35              1.483729091921e-04
  154.85              1.444782615345e-04
  155.35              1.406086840259e-04
  155.85              1.367639353752e-04
  156.35              1.329437773779e-04
  156.85              1.291479748667e-04
  157.35              1.253762956635e-04
  157.85              1.216285105319e-04
  158.35              1.179043931308e-04
  158.85              1.142037199690e-04
  159.35              1.105262703601e-04
  159.85              1.068718263791e-04
  160.35              1.032401728189e-04
  160.85              9.963109714834e-05
  161.35              9.604438947083e-05
  161.85              9.247984248333e-05
  162.35              8.893725143662e-05
  162.85              8.541641409606e-05
  163.35              8.191713070310e-05
  163.85              7.843920393751e-05
  164.35              7.498243888025e-05
  164.85              7.154664297711e-05
  165.35              6.813162600293e-05
  165.85              6.473720002649e-05
  166.35              6.136317937602e-05
  166.85              5.800938060539e-05
  167.35              5.467562246082e-05
  167.85              5.136172584823e-05
  168.35              4.806751380121e-05
  168.85              4.479281144947e-05
  169.35              4.153744598790e-05
  169.85              3.830124664621e-05
  170.35              3.508404465904e-05
  170.85              3.188567323661e-05
  171.35              2.870596753594e-05
  171.85              2.554476463248e-05
  172.35              2.240190349231e-05
  172.85              1.927722494480e-05
  173.35              1.617057165570e-05
  173.85              1.308178810080e-05
  174.35              1.001072053991e-05
  174.85              6.957216991370e-06
  175.35              3.921127207011e-06
  175.85              9.023026474697e-07
