# header:
#   title: bremsstrahlung for E-incident 133 MeV
# datablock:
#   columns: 2
#   entries: 266
## photon energy  phi_norm_per_MeV
##    [MeV]            []
    0.35              5.596426201434e-01
    0.85              2.295724732328e-01
    1.35              1.439987314412e-01
    1.85              1.046810662937e-01
    2.35              8.209432248552e-02
    2.85              6.743275194339e-02
    3.35              5.714776962280e-02
    3.85              4.953421128158e-02
    4.35              4.367089623719e-02
    4.85              3.901651212979e-02
    5.35              3.523210636022e-02
    5.85              3.209460755981e-02
    6.35              2.945120305867e-02
    6.85              2.719369702486e-02
    7.35              2.524333466911e-02
    7.85              2.354142611665e-02
    8.35              2.204333894771e-02
    8.85              2.071452716509e-02
    9.35              1.952783428971e-02
    9.85              1.846161784837e-02
   10.35              1.749841748833e-02
   10.85              1.662399135501e-02
   11.35              1.582660717177e-02
   11.85              1.509651279302e-02
   12.35              1.442553536801e-02
   12.85              1.380677408503e-02
   13.35              1.323436196183e-02
   13.85              1.270327923380e-02
   14.35              1.220920575511e-02
   14.85              1.174840321774e-02
   15.35              1.131762038965e-02
   15.85              1.091401628889e-02
   16.35              1.053509745422e-02
   16.85              1.017866638423e-02
   17.35              9.842778891757e-03
   17.85              9.525708625752e-03
   18.35              9.225917393317e-03
   18.85              8.942030205044e-03
   19.35              8.672814189291e-03
   19.85              8.417160693223e-03
   20.35              8.174070022515e-03
   20.85              7.942638376781e-03
   21.35              7.722046620776e-03
   21.85              7.511550597312e-03
   22.35              7.310472740446e-03
   22.85              7.118194789789e-03
   23.35              6.934151440873e-03
   23.85              6.757824794217e-03
   24.35              6.588739488286e-03
   24.85              6.426458420019e-03
   25.35              6.270578971802e-03
   25.85              6.120729676320e-03
   26.35              5.976567261122e-03
   26.85              5.837774023399e-03
   27.35              5.704055492723e-03
   27.85              5.575138345554e-03
   28.35              5.450768540437e-03
   28.85              5.330709647108e-03
   29.35              5.214741346398e-03
   29.85              5.102658080887e-03
   30.35              4.994267838951e-03
   30.85              4.889391057046e-03
   31.35              4.787859627036e-03
   31.85              4.689515997026e-03
   32.35              4.594212355579e-03
   32.85              4.501809890432e-03
   33.35              4.412178113894e-03
   33.85              4.325194248038e-03
   34.35              4.240742663574e-03
   34.85              4.158714367044e-03
   35.35              4.079006531518e-03
   35.85              4.001522066580e-03
   36.35              3.926169223785e-03
   36.85              3.852861234254e-03
   37.35              3.781515975368e-03
   37.85              3.712055663875e-03
   38.35              3.644406573022e-03
   38.85              3.578498771508e-03
   39.35              3.514265882358e-03
   39.85              3.451644859937e-03
   40.35              3.390575783548e-03
   40.85              3.331001666190e-03
   41.35              3.272868277184e-03
   41.85              3.216123977522e-03
   42.35              3.160719566871e-03
   42.85              3.106608141299e-03
   43.35              3.053744960839e-03
   43.85              3.002087326114e-03
   44.35              2.951594463310e-03
   44.85              2.902227416845e-03
   45.35              2.853948949133e-03
   45.85              2.806723446911e-03
   46.35              2.760516833626e-03
   46.85              2.715296487434e-03
   47.35              2.671031164392e-03
   47.85              2.627690926472e-03
   48.35              2.585247074031e-03
   48.85              2.543672082438e-03
   49.35              2.502939542549e-03
   49.85              2.463024104764e-03
   50.35              2.423901426419e-03
   50.85              2.385548122279e-03
   51.35              2.347941717928e-03
   51.85              2.311060605849e-03
   52.35              2.274884004030e-03
   52.85              2.239391916910e-03
   53.35              2.204565098526e-03
   53.85              2.170385017717e-03
   54.35              2.136833825240e-03
   54.85              2.103894322689e-03
   55.35              2.071549933102e-03
   55.85              2.039784673140e-03
   56.35              2.008583126754e-03
   56.85              1.977930420234e-03
   57.35              1.947812198570e-03
   57.85              1.918214603037e-03
   58.35              1.889124249929e-03
   58.85              1.860528210384e-03
   59.35              1.832413991218e-03
   59.85              1.804769516733e-03
   60.35              1.777583111420e-03
   60.85              1.750843483515e-03
   61.35              1.724539709366e-03
   61.85              1.698661218549e-03
   62.35              1.673197779711e-03
   62.85              1.648139487075e-03
   63.35              1.623476747599e-03
   63.85              1.599200268725e-03
   64.35              1.575301046710e-03
   64.85              1.551770355489e-03
   65.35              1.528599736055e-03
   65.85              1.505780986316e-03
   66.35              1.483306151418e-03
   66.85              1.461167514499e-03
   67.35              1.439357587854e-03
   67.85              1.417869104491e-03
   68.35              1.396695010057e-03
   68.85              1.375828455121e-03
   69.35              1.355262787783e-03
   69.85              1.334991546607e-03
   70.35              1.315008453848e-03
   70.85              1.295307408975e-03
   71.35              1.275882482461e-03
   71.85              1.256727909830e-03
   72.35              1.237838085957e-03
   72.85              1.219207559598e-03
   73.35              1.200831028144e-03
   73.85              1.182703332594e-03
   74.35              1.164819452721e-03
   74.85              1.147174502438e-03
   75.35              1.129763725351e-03
   75.85              1.112582490480e-03
   76.35              1.095626288154e-03
   76.85              1.078890726067e-03
   77.35              1.062371525481e-03
   77.85              1.046064517581e-03
   78.35              1.029965639967e-03
   78.85              1.014070933279e-03
   79.35              9.983765379557e-04
   79.85              9.828786911019e-04
   80.35              9.675737234870e-04
   80.85              9.524580566467e-04
   81.35              9.375282000932e-04
   81.85              9.227807486290e-04
   82.35              9.082123797569e-04
   82.85              8.938198511851e-04
   83.35              8.795999984209e-04
   83.85              8.655497324518e-04
   84.35              8.516660375078e-04
   84.85              8.379459689038e-04
   85.35              8.243866509570e-04
   85.85              8.109852749783e-04
   86.35              7.977390973316e-04
   86.85              7.846454375623e-04
   87.35              7.717016765883e-04
   87.85              7.589052549537e-04
   88.35              7.462536711419e-04
   88.85              7.337444799447e-04
   89.35              7.213752908873e-04
   89.85              7.091437667054e-04
   90.35              6.970476218725e-04
   90.85              6.850846211765e-04
   91.35              6.732525783425e-04
   91.85              6.615493547010e-04
   92.35              6.499728578991e-04
   92.85              6.385210406536e-04
   93.35              6.271918995435e-04
   93.85              6.159834738421e-04
   94.35              6.048938443856e-04
   94.85              5.939211324774e-04
   95.35              5.830634988273e-04
   95.85              5.723191425236e-04
   96.35              5.616863000372e-04
   96.85              5.511632442569e-04
   97.35              5.407482835540e-04
   97.85              5.304397608757e-04
   98.35              5.202360528661e-04
   98.85              5.101355690145e-04
   99.35              5.001367508282e-04
   99.85              4.902380710314e-04
  100.35              4.804380327871e-04
  100.85              4.707351689428e-04
  101.35              4.611280412983e-04
  101.85              4.516152398948e-04
  102.35              4.421953823252e-04
  102.85              4.328671130645e-04
  103.35              4.236291028194e-04
  103.85              4.144800478968e-04
  104.35              4.054186695907e-04
  104.85              3.964437135859e-04
  105.35              3.875539493800e-04
  105.85              3.787481697202e-04
  106.35              3.700251900572e-04
  106.85              3.613838480139e-04
  107.35              3.528230028690e-04
  107.85              3.443415350550e-04
  108.35              3.359383456704e-04
  108.85              3.276123560045e-04
  109.35              3.193625070762e-04
  109.85              3.111877591851e-04
  110.35              3.030870914743e-04
  110.85              2.950595015055e-04
  111.35              2.871040048459e-04
  111.85              2.792196346651e-04
  112.35              2.714054413439e-04
  112.85              2.636604920929e-04
  113.35              2.559838705813e-04
  113.85              2.483746765752e-04
  114.35              2.408320255862e-04
  114.85              2.333550485284e-04
  115.35              2.259428913844e-04
  115.85              2.185947148803e-04
  116.35              2.113096941692e-04
  116.85              2.040870185219e-04
  117.35              1.969258910267e-04
  117.85              1.898255282960e-04
  118.35              1.827851601807e-04
  118.85              1.758040294917e-04
  119.35              1.688813917284e-04
  119.85              1.620165148143e-04
  120.35              1.552086788383e-04
  120.85              1.484571758038e-04
  121.35              1.417613093827e-04
  121.85              1.351203946761e-04
  122.35              1.285337579811e-04
  122.85              1.220007365624e-04
  123.35              1.155206784304e-04
  123.85              1.090929421243e-04
  124.35              1.027168965001e-04
  124.85              9.639192052454e-05
  125.35              9.011740307291e-05
  125.85              8.389274273253e-05
  126.35              7.771734761052e-05
  126.85              7.159063514615e-05
  127.35              6.551203192767e-05
  127.85              5.948097351341e-05
  128.35              5.349690425703e-05
  128.85              4.755927713690e-05
  129.35              4.166755358941e-05
  129.85              3.582120334609e-05
  130.35              3.001970427457e-05
  130.85              2.426254222308e-05
  131.35              1.854921086859e-05
  131.85              1.287921156837e-05
  132.35              7.252053214884e-06
  132.85              1.667252094016e-06
