# header:
#   title: bremsstrahlung for E-incident 171 MeV
# datablock:
#   columns: 2
#   entries: 342
## photon energy  phi_norm_per_MeV
##    [MeV]            []
    0.35              5.336910804767e-01
    0.85              2.191112739876e-01
    1.35              1.375535463793e-01
    1.85              1.000810769377e-01
    2.35              7.855433917335e-02
    2.85              6.458084272983e-02
    3.35              5.477853925452e-02
    3.85              4.752228862994e-02
    4.35              4.193414159722e-02
    4.85              3.749818982897e-02
    5.35              3.389138792395e-02
    5.85              3.090113335312e-02
    6.35              2.838178501392e-02
    6.85              2.623022475344e-02
    7.35              2.437139378009e-02
    7.85              2.274935656131e-02
    8.35              2.132157529688e-02
    8.85              2.005512524876e-02
    9.35              1.892412440366e-02
    9.85              1.790794597937e-02
   10.35              1.698994904536e-02
   10.85              1.615656012369e-02
   11.35              1.539659753874e-02
   11.85              1.470076681750e-02
   12.35              1.406127866477e-02
   12.85              1.347155612705e-02
   13.35              1.292600756219e-02
   13.85              1.241984878540e-02
   14.35              1.194896239724e-02
   14.85              1.150978553017e-02
   15.35              1.109921953392e-02
   15.85              1.071455675510e-02
   16.35              1.035342075174e-02
   16.85              1.001371715214e-02
   17.35              9.693593010734e-03
   17.85              9.391402994894e-03
   18.35              9.105681099809e-03
   18.85              8.835116864940e-03
   19.35              8.578535277868e-03
   19.85              8.334879715334e-03
   20.35              8.103197399116e-03
   20.85              7.882626944587e-03
   21.35              7.672387658888e-03
   21.85              7.471770308462e-03
   22.35              7.280129125840e-03
   22.85              7.096874865871e-03
   23.35              6.921468754080e-03
   23.85              6.753417196243e-03
   24.35              6.592267139755e-03
   24.85              6.437601994996e-03
   25.35              6.289038039380e-03
   25.85              6.146221238720e-03
   26.35              6.008824430495e-03
   26.85              5.876544821832e-03
   27.35              5.749101761931e-03
   27.85              5.626234754450e-03
   28.35              5.507701680214e-03
   28.85              5.393277204738e-03
   29.35              5.282751348529e-03
   29.85              5.175928201070e-03
   30.35              5.072624761930e-03
   30.85              4.972669894561e-03
   31.35              4.875903380218e-03
   31.85              4.782175060988e-03
   32.35              4.691344062290e-03
   32.85              4.603278086384e-03
   33.35              4.517852769426e-03
   33.85              4.434951095509e-03
   34.35              4.354462861881e-03
   34.85              4.276284190193e-03
   35.35              4.200317079232e-03
   35.85              4.126468995076e-03
   36.35              4.054652495079e-03
   36.85              3.984784882463e-03
   37.35              3.916787888658e-03
   37.85              3.850587380819e-03
   38.35              3.786113092220e-03
   38.85              3.723298373469e-03
   39.35              3.662079962691e-03
   39.85              3.602397773012e-03
   40.35              3.544194695840e-03
   40.85              3.487416418599e-03
   41.35              3.432011255681e-03
   41.85              3.377929991518e-03
   42.35              3.325125734774e-03
   42.85              3.273553782737e-03
   43.35              3.223171495108e-03
   43.85              3.173938176409e-03
   44.35              3.125814966362e-03
   44.85              3.078764737588e-03
   45.35              3.032752000076e-03
   45.85              2.987742811910e-03
   46.35              2.943704695765e-03
   46.85              2.900606560754e-03
   47.35              2.858418629228e-03
   47.85              2.817112368163e-03
   48.35              2.776660424803e-03
   48.85              2.737036566261e-03
   49.35              2.698215622785e-03
   49.85              2.660173434445e-03
   50.35              2.622886800987e-03
   50.85              2.586333434658e-03
   51.35              2.550491915774e-03
   51.85              2.515341650870e-03
   52.35              2.480862833242e-03
   52.85              2.447036405731e-03
   53.35              2.413844025595e-03
   53.85              2.381268031349e-03
   54.35              2.349291411421e-03
   54.85              2.317897774537e-03
   55.35              2.287071321698e-03
   55.85              2.256796819671e-03
   56.35              2.227059575888e-03
   56.85              2.197845414668e-03
   57.35              2.169140654691e-03
   57.85              2.140932087626e-03
   58.35              2.113206957871e-03
   58.85              2.085952943320e-03
   59.35              2.059158137103e-03
   59.85              2.032811030237e-03
   60.35              2.006900495150e-03
   60.85              1.981415770007e-03
   61.35              1.956346443807e-03
   61.85              1.931682442202e-03
   62.35              1.907414013998e-03
   62.85              1.883531718304e-03
   63.35              1.860026412282e-03
   63.85              1.836889239478e-03
   64.35              1.814111618700e-03
   64.85              1.791685233399e-03
   65.35              1.769602021554e-03
   65.85              1.747854166002e-03
   66.35              1.726434085212e-03
   66.85              1.705334424480e-03
   67.35              1.684548047500e-03
   67.85              1.664068028323e-03
   68.35              1.643887643663e-03
   68.85              1.624000365533e-03
   69.35              1.604399854212e-03
   69.85              1.585079951499e-03
   70.35              1.566034674270e-03
   70.85              1.547258208292e-03
   71.35              1.528744902314e-03
   71.85              1.510489262390e-03
   72.35              1.492485946446e-03
   72.85              1.474729759067e-03
   73.35              1.457215646498e-03
   73.85              1.439938691852e-03
   74.35              1.422894110503e-03
   74.85              1.406077245672e-03
   75.35              1.389483564182e-03
   75.85              1.373108652390e-03
   76.35              1.356948212265e-03
   76.85              1.340998057632e-03
   77.35              1.325254110558e-03
   77.85              1.309712397871e-03
   78.35              1.294369047823e-03
   78.85              1.279220286868e-03
   79.35              1.264262436574e-03
   79.85              1.249491910643e-03
   80.35              1.234905212040e-03
   80.85              1.220498930242e-03
   81.35              1.206269738570e-03
   81.85              1.192214391635e-03
   82.35              1.178329722865e-03
   82.85              1.164612642131e-03
   83.35              1.151060133452e-03
   83.85              1.137669252783e-03
   84.35              1.124437125886e-03
   84.85              1.111360946271e-03
   85.35              1.098437973213e-03
   85.85              1.085665529835e-03
   86.35              1.073041001262e-03
   86.85              1.060561832834e-03
   87.35              1.048225528383e-03
   87.85              1.036029648570e-03
   88.35              1.023971809276e-03
   88.85              1.012049680046e-03
   89.35              1.000260982594e-03
   89.85              9.886034893420e-04
   90.35              9.770750220255e-04
   90.85              9.656734503317e-04
   91.35              9.543966905886e-04
   91.85              9.432427044953e-04
   92.35              9.322094978941e-04
   92.85              9.212951195816e-04
   93.35              9.104976601583e-04
   93.85              8.998152509154e-04
   94.35              8.892460627561e-04
   94.85              8.787883051520e-04
   95.35              8.684402251316e-04
   95.85              8.582001063007e-04
   96.35              8.480662678936e-04
   96.85              8.380370638532e-04
   97.35              8.281108819395e-04
   97.85              8.182861428660e-04
   98.35              8.085612994618e-04
   98.85              7.989348358593e-04
   99.35              7.894052667068e-04
   99.85              7.799711364041e-04
  100.35              7.706310183615e-04
  100.85              7.613835142807e-04
  101.35              7.522272534567e-04
  101.85              7.431608921008e-04
  102.35              7.341831126829e-04
  102.85              7.252926232934e-04
  103.35              7.164881570232e-04
  103.85              7.077684713623e-04
  104.35              6.991323476148e-04
  104.85              6.905785903313e-04
  105.35              6.821060267571e-04
  105.85              6.737135062966e-04
  106.35              6.653998999917e-04
  106.85              6.571641000164e-04
  107.35              6.490050191838e-04
  107.85              6.409215904683e-04
  108.35              6.329127665403e-04
  108.85              6.249775193134e-04
  109.35              6.171148395052e-04
  109.85              6.093237362087e-04
  110.35              6.016032364762e-04
  110.85              5.939523849146e-04
  111.35              5.863702432906e-04
  111.85              5.788558901479e-04
  112.35              5.714084204332e-04
  112.85              5.640269451333e-04
  113.35              5.567105909212e-04
  113.85              5.494584998116e-04
  114.35              5.422698288254e-04
  114.85              5.351437496631e-04
  115.35              5.280794483870e-04
  115.85              5.210761251106e-04
  116.35              5.141329936974e-04
  116.85              5.072492814662e-04
  117.35              5.004242289046e-04
  117.85              4.936570893897e-04
  118.35              4.869471289160e-04
  118.85              4.802936258295e-04
  119.35              4.736958705695e-04
  119.85              4.671531654159e-04
  120.35              4.606648242436e-04
  120.85              4.542301722826e-04
  121.35              4.478485458836e-04
  121.85              4.415192922906e-04
  122.35              4.352417694176e-04
  122.85              4.290153456318e-04
  123.35              4.228393995419e-04
  123.85              4.167133197911e-04
  124.35              4.106365048553e-04
  124.85              4.046083628465e-04
  125.35              3.986283113204e-04
  125.85              3.926957770889e-04
  126.35              3.868101960369e-04
  126.85              3.809710129436e-04
  127.35              3.751776813076e-04
  127.85              3.694296631768e-04
  128.35              3.637264289815e-04
  128.85              3.580674573722e-04
  129.35              3.524522350602e-04
  129.85              3.468802566628e-04
  130.35              3.413510245516e-04
  130.85              3.358640487040e-04
  131.35              3.304188465592e-04
  131.85              3.250149428759e-04
  132.35              3.196518695943e-04
  132.85              3.143291657015e-04
  133.35              3.090463770984e-04
  133.85              3.038030564714e-04
  134.35              2.985987631658e-04
  134.85              2.934330630623e-04
  135.35              2.883055284565e-04
  135.85              2.832157379404e-04
  136.35              2.781632762878e-04
  136.85              2.731477343403e-04
  137.35              2.681687088977e-04
  137.85              2.632258026095e-04
  138.35              2.583186238696e-04
  138.85              2.534467867121e-04
  139.35              2.486099107112e-04
  139.85              2.438076208812e-04
  140.35              2.390395475801e-04
  140.85              2.343053264146e-04
  141.35              2.296045981473e-04
  141.85              2.249370086059e-04
  142.35              2.203022085942e-04
  142.85              2.156998538048e-04
  143.35              2.111296047341e-04
  143.85              2.065911265990e-04
  144.35              2.020840892546e-04
  144.85              1.976081671144e-04
  145.35              1.931630390723e-04
  145.85              1.887483884250e-04
  146.35              1.843639027975e-04
  146.85              1.800092740690e-04
  147.35              1.756841983011e-04
  147.85              1.713883756665e-04
  148.35              1.671215103803e-04
  148.85              1.628833106319e-04
  149.35              1.586734885181e-04
  149.85              1.544917599787e-04
  150.35              1.503378447319e-04
  150.85              1.462114662119e-04
  151.35              1.421123515077e-04
  151.85              1.380402313028e-04
  152.35              1.339948398159e-04
  152.85              1.299759147437e-04
  153.35              1.259831972039e-04
  153.85              1.220164316792e-04
  154.35              1.180753659635e-04
  154.85              1.141597511081e-04
  155.35              1.102693413693e-04
  155.85              1.064038941569e-04
  156.35              1.025631699839e-04
  156.85              9.874693241703e-05
  157.35              9.495494802821e-05
  157.85              9.118698634696e-05
  158.35              8.744281981368e-05
  158.85              8.372222373387e-05
  159.35              8.002497623316e-05
  159.85              7.635085821321e-05
  160.35              7.269965330846e-05
  160.85              6.907114784358e-05
  161.35              6.546513079187e-05
  161.85              6.188139373430e-05
  162.35              5.831973081937e-05
  162.85              5.477993872370e-05
  163.35              5.126181661330e-05
  163.85              4.776516610565e-05
  164.35              4.428979123237e-05
  164.85              4.083549840260e-05
  165.35              3.740209636708e-05
  165.85              3.398939618285e-05
  166.35              3.059721117856e-05
  166.85              2.722535692048e-05
  167.35              2.387365117903e-05
  167.85              2.054191389598e-05
  168.35              1.722996715217e-05
  168.85              1.393763513590e-05
  169.35              1.066474411175e-05
  169.85              7.411122390075e-06
  170.35              4.176600296935e-06
  170.85              9.610101446381e-07
