# header:
#   title: bremsstrahlung for E-incident 115 MeV
# datablock:
#   columns: 2
#   entries: 230
## photon energy  phi_norm_per_MeV
##    [MeV]            []
    0.35              5.758093505487e-01
    0.85              2.360639601631e-01
    1.35              1.479818219150e-01
    1.85              1.075116502875e-01
    2.35              8.426282828872e-02
    2.85              6.917148769302e-02
    3.35              5.858502488708e-02
    3.85              5.074829268009e-02
    4.35              4.471310810688e-02
    4.85              3.992229148692e-02
    5.35              3.602695460900e-02
    5.85              3.279748728287e-02
    6.35              3.007659748841e-02
    6.85              2.775291788292e-02
    7.35              2.574538516253e-02
    7.85              2.399358909442e-02
    8.35              2.245158896261e-02
    8.85              2.108382613384e-02
    9.35              1.986234809958e-02
    9.85              1.876487798758e-02
   10.35              1.777344363520e-02
   10.85              1.687338572082e-02
   11.35              1.605262806322e-02
   11.85              1.530113265520e-02
   12.35              1.461048707779e-02
   12.85              1.397358823792e-02
   13.35              1.338439717633e-02
   13.85              1.283774698560e-02
   14.35              1.232919088482e-02
   14.85              1.185488098611e-02
   15.35              1.141147075507e-02
   15.85              1.099603593293e-02
   16.35              1.060600996842e-02
   16.85              1.023913094541e-02
   17.35              9.893397687426e-03
   17.85              9.567033239409e-03
   18.35              9.258454319894e-03
   18.85              8.966245634836e-03
   19.35              8.689138173813e-03
   19.85              8.425990786392e-03
   20.35              8.175774474521e-03
   20.85              7.937558944993e-03
   21.35              7.710501051509e-03
   21.85              7.493834823631e-03
   22.35              7.286862834136e-03
   22.85              7.088948699762e-03
   23.35              6.899510545446e-03
   23.85              6.718015290683e-03
   24.35              6.543973639811e-03
   24.85              6.376935677103e-03
   25.35              6.216486983141e-03
   25.85              6.062245201904e-03
   26.35              5.913856998703e-03
   26.85              5.770995358005e-03
   27.35              5.633357177662e-03
   27.85              5.500661122286e-03
   28.35              5.372645703784e-03
   28.85              5.249067561487e-03
   29.35              5.129699918075e-03
   29.85              5.014331190691e-03
   30.35              4.902763739332e-03
   30.85              4.794812736964e-03
   31.35              4.690305147750e-03
   31.85              4.589078801525e-03
   32.35              4.490981554101e-03
   32.85              4.395870524255e-03
   33.35              4.303611399352e-03
   33.85              4.214077802511e-03
   34.35              4.127150715040e-03
   34.85              4.042717948586e-03
   35.35              3.960673662089e-03
   35.85              3.880917919148e-03
   36.35              3.803356281927e-03
   36.85              3.727899438119e-03
   37.35              3.654462857866e-03
   37.85              3.582966477884e-03
   38.35              3.513334410287e-03
   38.85              3.445494673903e-03
   39.35              3.379378946067e-03
   39.85              3.314922333108e-03
   40.35              3.252063157892e-03
   40.85              3.190742762976e-03
   41.35              3.130905328033e-03
   41.85              3.072497700377e-03
   42.35              3.015469237483e-03
   42.85              2.959771660537e-03
   43.35              2.905358918123e-03
   43.85              2.852187059230e-03
   44.35              2.800214114855e-03
   44.85              2.749399987524e-03
   45.35              2.699706348116e-03
   45.85              2.651096539448e-03
   46.35              2.603535486090e-03
   46.85              2.556989609966e-03
   47.35              2.511426751288e-03
   47.85              2.466816094464e-03
   48.35              2.423128098588e-03
   48.85              2.380334432208e-03
   49.35              2.338407912056e-03
   49.85              2.297322445468e-03
   50.35              2.257052976230e-03
   50.85              2.217575433624e-03
   51.35              2.178866684448e-03
   51.85              2.140904487811e-03
   52.35              2.103667452524e-03
   52.85              2.067134996901e-03
   53.35              2.031287310831e-03
   53.85              1.996105319953e-03
   54.35              1.961570651813e-03
   54.85              1.927665603877e-03
   55.35              1.894373113266e-03
   55.85              1.861676728127e-03
   56.35              1.829560580524e-03
   56.85              1.798009360758e-03
   57.35              1.767008293038e-03
   57.85              1.736543112400e-03
   58.35              1.706600042827e-03
   58.85              1.677165776475e-03
   59.35              1.648227453954e-03
   59.85              1.619772645594e-03
   60.35              1.591789333644e-03
   60.85              1.564265895349e-03
   61.35              1.537191086856e-03
   61.85              1.510554027894e-03
   62.35              1.484344187199e-03
   62.85              1.458551368631e-03
   63.35              1.433165697949e-03
   63.85              1.408177610206e-03
   64.35              1.383577837736e-03
   64.85              1.359357398688e-03
   65.35              1.335507586098e-03
   65.85              1.312019957451e-03
   66.35              1.288886324713e-03
   66.85              1.266098744822e-03
   67.35              1.243649510586e-03
   67.85              1.221531141998e-03
   68.35              1.199736377925e-03
   68.85              1.178258168160e-03
   69.35              1.157089665817e-03
   69.85              1.136224220057e-03
   70.35              1.115655369120e-03
   70.85              1.095376833652e-03
   71.35              1.075382510313e-03
   71.85              1.055666465657e-03
   72.35              1.036222930257e-03
   72.85              1.017046293077e-03
   73.35              9.981310960775e-04
   73.85              9.794720290305e-04
   74.35              9.610639245529e-04
   74.85              9.429017533350e-04
   75.35              9.249806195585e-04
   75.85              9.072957564976e-04
   76.35              8.898425222915e-04
   76.85              8.726163958824e-04
   77.35              8.556129731115e-04
   77.85              8.388279629645e-04
   78.35              8.222571839617e-04
   78.85              8.058965606850e-04
   79.35              7.897421204363e-04
   79.85              7.737899900217e-04
   80.35              7.580363926552e-04
   80.85              7.424776449778e-04
   81.35              7.271101541864e-04
   81.85              7.119304152679e-04
   82.35              6.969350083338e-04
   82.85              6.821205960519e-04
   83.35              6.674839211699e-04
   83.85              6.530218041279e-04
   84.35              6.387311407556e-04
   84.85              6.246089000512e-04
   85.35              6.106521220382e-04
   85.85              5.968579156968e-04
   86.35              5.832234569679e-04
   86.85              5.697459868254e-04
   87.35              5.564228094150e-04
   87.85              5.432512902563e-04
   88.35              5.302288545062e-04
   88.85              5.173529852812e-04
   89.35              5.046212220352e-04
   89.85              4.920311589923e-04
   90.35              4.795804436311e-04
   90.85              4.672667752194e-04
   91.35              4.550879033967e-04
   91.85              4.430416268035e-04
   92.35              4.311257917543e-04
   92.85              4.193382909545e-04
   93.35              4.076770622575e-04
   93.85              3.961400874624e-04
   94.35              3.847253911495e-04
   94.85              3.734310395527e-04
   95.35              3.622551394670e-04
   95.85              3.511958371914e-04
   96.35              3.402513175029e-04
   96.85              3.294198026641e-04
   97.35              3.186995514599e-04
   97.85              3.080888582651e-04
   98.35              2.975860521388e-04
   98.85              2.871894959480e-04
   99.35              2.768975855166e-04
   99.85              2.667087488000e-04
  100.35              2.566214450851e-04
  100.85              2.466341642132e-04
  101.35              2.367454258265e-04
  101.85              2.269537786365e-04
  102.35              2.172577997141e-04
  102.85              2.076560938002e-04
  103.35              1.981472926363e-04
  103.85              1.887300543146e-04
  104.35              1.794030626467e-04
  104.85              1.701650265502e-04
  105.35              1.610146794533e-04
  105.85              1.519507787153e-04
  106.35              1.429721050647e-04
  106.85              1.340774620518e-04
  107.35              1.252656755179e-04
  107.85              1.165355930780e-04
  108.35              1.078860836186e-04
  108.85              9.931603680921e-05
  109.35              9.082436262728e-05
  109.85              8.240999089581e-05
  110.35              7.407187083386e-05
  110.85              6.580897061910e-05
  111.35              5.762027696218e-05
  111.85              4.950479469244e-05
  112.35              4.146154635479e-05
  112.85              3.348957181721e-05
  113.35              2.558792788869e-05
  113.85              1.775568794725e-05
  114.35              9.991941577660e-06
  114.85              2.295794218691e-06
