# header:
#   title: bremsstrahlung for E-incident 185 MeV
# datablock:
#   columns: 2
#   entries: 370
## photon energy  phi_norm_per_MeV
##    [MeV]            []
    0.35              5.260409740645e-01
    0.85              2.160185781105e-01
    1.35              1.356424013817e-01
    1.85              9.871280666848e-02
    2.35              7.749793310981e-02
    2.85              6.372687483489e-02
    3.35              5.406658022412e-02
    3.85              4.691545304472e-02
    4.35              4.140826314794e-02
    4.85              3.703657632266e-02
    5.35              3.348202722173e-02
    5.85              3.053509335174e-02
    6.35              2.805224355575e-02
    6.85              2.593185358400e-02
    7.35              2.409995204378e-02
    7.85              2.250141375709e-02
    8.35              2.109431718138e-02
    8.85              1.984621456903e-02
    9.35              1.873159886709e-02
    9.85              1.773014211966e-02
   10.35              1.682544447826e-02
   10.85              1.600412910796e-02
   11.35              1.525517632535e-02
   11.85              1.456942630921e-02
   12.35              1.393920261016e-02
   12.85              1.335802355695e-02
   13.35              1.282037851522e-02
   13.85              1.232155261008e-02
   14.35              1.185748809205e-02
   14.85              1.142467370992e-02
   15.35              1.102005570448e-02
   15.85              1.064096564890e-02
   16.35              1.028506152945e-02
   16.85              9.950279316191e-03
   17.35              9.634792907735e-03
   17.85              9.336980807875e-03
   18.35              9.055398250242e-03
   18.85              8.788753759327e-03
   19.35              8.535889345461e-03
   19.85              8.295763693000e-03
   20.35              8.067437826900e-03
   20.85              7.850062841669e-03
   21.35              7.642869354574e-03
   21.85              7.445158406935e-03
   22.35              7.256293586707e-03
   22.85              7.075694185308e-03
   23.35              6.902829233647e-03
   23.85              6.737212288345e-03
   24.35              6.578396860304e-03
   24.85              6.425972395162e-03
   25.35              6.279560729433e-03
   25.85              6.138812957931e-03
   26.35              6.003406657832e-03
   26.85              5.873043422914e-03
   27.35              5.747446668249e-03
   27.85              5.626359671382e-03
   28.35              5.509543820789e-03
   28.85              5.396777046473e-03
   29.35              5.287852410975e-03
   29.85              5.182576841993e-03
   30.35              5.080769990275e-03
   30.85              4.982263198581e-03
   31.35              4.886898569301e-03
   31.85              4.794528119905e-03
   32.35              4.705013016703e-03
   32.85              4.618222878591e-03
   33.35              4.534035143421e-03
   33.85              4.452334490530e-03
   34.35              4.373012313707e-03
   34.85              4.295966239518e-03
   35.35              4.221099686522e-03
   35.85              4.148321461365e-03
   36.35              4.077545388206e-03
   36.85              4.008689968322e-03
   37.35              3.941678067043e-03
   37.85              3.876436625506e-03
   38.35              3.812896394962e-03
   38.85              3.750991691587e-03
   39.35              3.690660170001e-03
   39.85              3.631842613824e-03
   40.35              3.574482741816e-03
   40.85              3.518527028241e-03
   41.35              3.463924536276e-03
   41.85              3.410626763355e-03
   42.35              3.358587497468e-03
   42.85              3.307762683527e-03
   43.35              3.258110298974e-03
   43.85              3.209590237899e-03
   44.35              3.162164203004e-03
   44.85              3.115795604785e-03
   45.35              3.070449467387e-03
   45.85              3.026092340619e-03
   46.35              2.982692217664e-03
   46.85              2.940218458060e-03
   47.35              2.898641715554e-03
   47.85              2.857933870488e-03
   48.35              2.818067966375e-03
   48.85              2.779018150370e-03
   49.35              2.740759617365e-03
   49.85              2.703268557439e-03
   50.35              2.666522106449e-03
   50.85              2.630498299529e-03
   51.35              2.595176027311e-03
   51.85              2.560534994673e-03
   52.35              2.526555681856e-03
   52.85              2.493219307787e-03
   53.35              2.460507795463e-03
   53.85              2.428403739263e-03
   54.35              2.396890374069e-03
   54.85              2.365951546072e-03
   55.35              2.335571685157e-03
   55.85              2.305735778779e-03
   56.35              2.276429347226e-03
   56.85              2.247638420185e-03
   57.35              2.219349514541e-03
   57.85              2.191549613315e-03
   58.35              2.164226145701e-03
   58.85              2.137366968106e-03
   59.35              2.110960346156e-03
   59.85              2.084994937607e-03
   60.35              2.059459776092e-03
   60.85              2.034344255686e-03
   61.35              2.009638116216e-03
   61.85              1.985331429284e-03
   62.35              1.961414584966e-03
   62.85              1.937878279141e-03
   63.35              1.914713501426e-03
   63.85              1.891911523676e-03
   64.35              1.869463889015e-03
   64.85              1.847362401380e-03
   65.35              1.825599115545e-03
   65.85              1.804166327596e-03
   66.35              1.783056565842e-03
   66.85              1.762262582123e-03
   67.35              1.741777343524e-03
   67.85              1.721594024432e-03
   68.35              1.701705998962e-03
   68.85              1.682106833703e-03
   69.35              1.662790280776e-03
   69.85              1.643750271198e-03
   70.35              1.624980908522e-03
   70.85              1.606476462751e-03
   71.35              1.588231364503e-03
   71.85              1.570240199425e-03
   72.35              1.552497702834e-03
   72.85              1.534998754584e-03
   73.35              1.517738374135e-03
   73.85              1.500711715831e-03
   74.35              1.483914064365e-03
   74.85              1.467340830419e-03
   75.35              1.450987546493e-03
   75.85              1.434849862883e-03
   76.35              1.418923543825e-03
   76.85              1.403204463792e-03
   77.35              1.387688603927e-03
   77.85              1.372372048621e-03
   78.35              1.357250982214e-03
   78.85              1.342321685832e-03
   79.35              1.327580534332e-03
   79.85              1.313023993370e-03
   80.35              1.298648616577e-03
   80.85              1.284451042837e-03
   81.35              1.270427993666e-03
   81.85              1.256576270691e-03
   82.35              1.242892753218e-03
   82.85              1.229374395882e-03
   83.35              1.216018226397e-03
   83.85              1.202821343370e-03
   84.35              1.189780914202e-03
   84.85              1.176894173062e-03
   85.35              1.164158418930e-03
   85.85              1.151571013711e-03
   86.35              1.139129380410e-03
   86.85              1.126831001379e-03
   87.35              1.114673416613e-03
   87.85              1.102654222112e-03
   88.35              1.090771068296e-03
   88.85              1.079021658473e-03
   89.35              1.067403747361e-03
   89.85              1.055915139655e-03
   90.35              1.044553688649e-03
   90.85              1.033317294890e-03
   91.35              1.022203904895e-03
   91.85              1.011211509891e-03
   92.35              1.000338144612e-03
   92.85              9.895818861202e-04
   93.35              9.789408526795e-04
   93.85              9.684132026532e-04
   94.35              9.579971334433e-04
   94.85              9.476908804612e-04
   95.35              9.374927161313e-04
   95.85              9.274009489253e-04
   96.35              9.174139224272e-04
   96.85              9.075300144268e-04
   97.35              8.977476360412e-04
   97.85              8.880652308633e-04
   98.35              8.784812741367e-04
   98.85              8.689942719547e-04
   99.35              8.596027604841e-04
   99.85              8.503053052124e-04
  100.35              8.411005002176e-04
  100.85              8.319869674587e-04
  101.35              8.229633560886e-04
  101.85              8.140283417864e-04
  102.35              8.051806261096e-04
  102.85              7.964189358648e-04
  103.35              7.877420224970e-04
  103.85              7.791486614967e-04
  104.35              7.706376518237e-04
  104.85              7.622078153474e-04
  105.35              7.538579963033e-04
  105.85              7.455870607645e-04
  106.35              7.373938961287e-04
  106.85              7.292774106192e-04
  107.35              7.212365327996e-04
  107.85              7.132702111025e-04
  108.35              7.053774133713e-04
  108.85              6.975571264138e-04
  109.35              6.898083555694e-04
  109.85              6.821301242867e-04
  110.35              6.745214737133e-04
  110.85              6.669814622971e-04
  111.35              6.595091653974e-04
  111.85              6.521036749072e-04
  112.35              6.447640988851e-04
  112.85              6.374895611973e-04
  113.35              6.302792011688e-04
  113.85              6.231321732443e-04
  114.35              6.160476466570e-04
  114.85              6.090248051076e-04
  115.35              6.020628464497e-04
  115.85              5.951609823854e-04
  116.35              5.883184381669e-04
  116.85              5.815344523071e-04
  117.35              5.748082762971e-04
  117.85              5.681391743303e-04
  118.35              5.615264230351e-04
  118.85              5.549693112122e-04
  119.35              5.484671395806e-04
  119.85              5.420192205283e-04
  120.35              5.356248778703e-04
  120.85              5.292834466120e-04
  121.35              5.229942727188e-04
  121.85              5.167567128913e-04
  122.35              5.105701343455e-04
  122.85              5.044339145995e-04
  123.35              4.983474412640e-04
  123.85              4.923101118392e-04
  124.35              4.863213335155e-04
  124.85              4.803805229798e-04
  125.35              4.744871062258e-04
  125.85              4.686405183693e-04
  126.35              4.628402034677e-04
  126.85              4.570856143438e-04
  127.35              4.513762124137e-04
  127.85              4.457114675186e-04
  128.35              4.400908577610e-04
  128.85              4.345138693442e-04
  129.35              4.289799964157e-04
  129.85              4.234887409145e-04
  130.35              4.180396124213e-04
  130.85              4.126321280129e-04
  131.35              4.072658121192e-04
  131.85              4.019401963840e-04
  132.35              3.966548195285e-04
  132.85              3.914092272184e-04
  133.35              3.862029719336e-04
  133.85              3.810356128406e-04
  134.35              3.759067156687e-04
  134.85              3.708158525877e-04
  135.35              3.657626020896e-04
  135.85              3.607465488715e-04
  136.35              3.557672837226e-04
  136.85              3.508244034121e-04
  137.35              3.459175105811e-04
  137.85              3.410462136357e-04
  138.35              3.362101266430e-04
  138.85              3.314088692289e-04
  139.35              3.266420664786e-04
  139.85              3.219093488392e-04
  140.35              3.172103520238e-04
  140.85              3.125447169181e-04
  141.35              3.079120894891e-04
  141.85              3.033121206955e-04
  142.35              2.987444663999e-04
  142.85              2.942087872831e-04
  143.35              2.897047487602e-04
  143.85              2.852320208977e-04
  144.35              2.807902783340e-04
  144.85              2.763792001994e-04
  145.35              2.719984700396e-04
  145.85              2.676477757396e-04
  146.35              2.633268094499e-04
  146.85              2.590352675136e-04
  147.35              2.547728503952e-04
  147.85              2.505392626115e-04
  148.35              2.463342126625e-04
  148.85              2.421574129651e-04
  149.35              2.380085797872e-04
  149.85              2.338874331838e-04
  150.35              2.297936969336e-04
  150.85              2.257270984775e-04
  151.35              2.216873688583e-04
  151.85              2.176742426611e-04
  152.35              2.136874579551e-04
  152.85              2.097267562370e-04
  153.35              2.057918823749e-04
  153.85              2.018825845536e-04
  154.35              1.979986142205e-04
  154.85              1.941397260336e-04
  155.35              1.903056778093e-04
  155.85              1.864962304719e-04
  156.35              1.827111480040e-04
  156.85              1.789501973975e-04
  157.35              1.752131486061e-04
  157.85              1.714997744982e-04
  158.35              1.678098508109e-04
  158.85              1.641431561050e-04
  159.35              1.604994717204e-04
  159.85              1.568785817330e-04
  160.35              1.532802729117e-04
  160.85              1.497043346768e-04
  161.35              1.461505590588e-04
  161.85              1.426187406581e-04
  162.35              1.391086766054e-04
  162.85              1.356201665229e-04
  163.35              1.321530124862e-04
  163.85              1.287070189868e-04
  164.35              1.252819928954e-04
  164.85              1.218777434258e-04
  165.35              1.184940820992e-04
  165.85              1.151308227101e-04
  166.35              1.117877812916e-04
  166.85              1.084647760816e-04
  167.35              1.051616274908e-04
  167.85              1.018781580695e-04
  168.35              9.861419247600e-05
  168.85              9.536955744570e-05
  169.35              9.214408176013e-05
  169.85              8.893759621695e-05
  170.35              8.574993360035e-05
  170.85              8.258092865198e-05
  171.35              7.943041804239e-05
  171.85              7.629824034294e-05
  172.35              7.318423599829e-05
  172.85              7.008824729926e-05
  173.35              6.701011835620e-05
  173.85              6.394969507288e-05
  174.35              6.090682512068e-05
  174.85              5.788135791342e-05
  175.35              5.487314458245e-05
  175.85              5.188203795226e-05
  176.35              4.890789251645e-05
  176.85              4.595056441418e-05
  177.35              4.300991140693e-05
  177.85              4.008579285572e-05
  178.35              3.717806969869e-05
  178.85              3.428660442903e-05
  179.35              3.141126107334e-05
  179.85              2.855190517028e-05
  180.35              2.570840374963e-05
  180.85              2.288062531168e-05
  181.35              2.006843980694e-05
  181.85              1.727171861623e-05
  182.35              1.449033453102e-05
  182.85              1.172416173423e-05
  183.35              8.973075781154e-06
  183.85              6.236953580886e-06
  184.35              3.515673377908e-06
  184.85              8.091147340471e-07
