# header:
#   title: bremsstrahlung for E-incident 150 MeV
# datablock:
#   columns: 2
#   entries: 300
## photon energy  phi_norm_per_MeV
##    [MeV]            []
    0.35              5.469219138499e-01
    0.85              2.244507081838e-01
    1.35              1.408470622704e-01
    1.85              1.024345763101e-01
    2.35              8.036782905639e-02
    2.85              6.604380013729e-02
    3.35              5.599560074628e-02
    3.85              4.855732327501e-02
    4.35              4.282899464772e-02
    4.85              3.828176470646e-02
    5.35              3.458448428693e-02
    5.85              3.151921761433e-02
    6.35              2.893667010277e-02
    6.85              2.673113682648e-02
    7.35              2.482567610478e-02
    7.85              2.316294923298e-02
    8.35              2.169935132786e-02
    8.85              2.040113171711e-02
    9.35              1.924175912355e-02
    9.85              1.820008933137e-02
   10.35              1.725906396355e-02
   10.85              1.640476904438e-02
   11.35              1.562574240002e-02
   11.85              1.491245640076e-02
   12.35              1.425692635285e-02
   12.85              1.365241031646e-02
   13.35              1.309317638017e-02
   13.85              1.257432034542e-02
   14.35              1.209162152563e-02
   14.85              1.164142767687e-02
   15.35              1.122056241761e-02
   15.85              1.082625017155e-02
   16.35              1.045605488244e-02
   16.85              1.010782964016e-02
   17.35              9.779675017025e-03
   17.85              9.469904406395e-03
   18.35              9.177015027951e-03
   18.85              8.899663547569e-03
   19.35              8.636645477025e-03
   19.85              8.386877687113e-03
   20.35              8.149383498671e-03
   20.85              7.923279918787e-03
   21.35              7.707766670514e-03
   21.85              7.502116728798e-03
   22.35              7.305668126756e-03
   22.85              7.117816837714e-03
   23.35              6.938010571757e-03
   23.85              6.765743352591e-03
   24.35              6.600550762548e-03
   24.85              6.442005761642e-03
   25.35              6.289715001403e-03
   25.85              6.143315566512e-03
   26.35              6.002472087404e-03
   26.85              5.866874175488e-03
   27.35              5.736234139694e-03
   27.85              5.610284948991e-03
   28.35              5.488778410517e-03
   28.85              5.371483537155e-03
   29.35              5.258185081965e-03
   29.85              5.148682219914e-03
   30.35              5.042787359908e-03
   30.85              4.940325072349e-03
   31.35              4.841131119321e-03
   31.85              4.745051576122e-03
   32.35              4.651942034258e-03
   32.85              4.561666877230e-03
   33.35              4.474098621462e-03
   33.85              4.389117315644e-03
   34.35              4.306609992527e-03
   34.85              4.226470167921e-03
   35.35              4.148597382201e-03
   35.85              4.072896780184e-03
   36.35              3.999278725677e-03
   36.85              3.927658447411e-03
   37.35              3.857955713410e-03
   37.85              3.790094531166e-03
   38.35              3.724002871275e-03
   38.85              3.659612412411e-03
   39.35              3.596858305741e-03
   39.85              3.535678957081e-03
   40.35              3.476015825240e-03
   40.85              3.417813235183e-03
   41.35              3.361018204739e-03
   41.85              3.305580283745e-03
   42.35              3.251451404569e-03
   42.85              3.198585743110e-03
   43.35              3.146939589412e-03
   43.85              3.096471227133e-03
   44.35              3.047140821162e-03
   44.85              2.998910312760e-03
   45.35              2.951743321633e-03
   45.85              2.905605054413e-03
   46.35              2.860462219063e-03
   46.85              2.816282944767e-03
   47.35              2.773036706887e-03
   47.85              2.730694256633e-03
   48.35              2.689227555091e-03
   48.85              2.648609711308e-03
   49.35              2.608814924137e-03
   49.85              2.569818427581e-03
   50.35              2.531596439398e-03
   50.85              2.494126112733e-03
   51.35              2.457385490579e-03
   51.85              2.421353462873e-03
   52.35              2.386009726050e-03
   52.85              2.351334744891e-03
   53.35              2.317309716518e-03
   53.85              2.283916536398e-03
   54.35              2.251137766215e-03
   54.85              2.218956603510e-03
   55.35              2.187356852960e-03
   55.85              2.156322899196e-03
   56.35              2.125839681080e-03
   56.85              2.095892667328e-03
   57.35              2.066467833415e-03
   57.85              2.037551639674e-03
   58.35              2.009131010521e-03
   58.85              1.981193314743e-03
   59.35              1.953726346780e-03
   59.85              1.926718308942e-03
   60.35              1.900157794514e-03
   60.85              1.874033771696e-03
   61.35              1.848335568320e-03
   61.85              1.823052857320e-03
   62.35              1.798175642887e-03
   62.85              1.773694247299e-03
   63.35              1.749599298366e-03
   63.85              1.725881717467e-03
   64.35              1.702532708143e-03
   64.85              1.679543745224e-03
   65.35              1.656906564446e-03
   65.85              1.634613152548e-03
   66.35              1.612655737816e-03
   66.85              1.591026781045e-03
   67.35              1.569718966913e-03
   67.85              1.548725195731e-03
   68.35              1.528038575554e-03
   68.85              1.507652414639e-03
   69.35              1.487560214227e-03
   69.85              1.467755661638e-03
   70.35              1.448232623656e-03
   70.85              1.428985140197e-03
   71.35              1.410007418244e-03
   71.85              1.391293826033e-03
   72.35              1.372838887481e-03
   72.85              1.354637276843e-03
   73.35              1.336683813589e-03
   73.85              1.318973457488e-03
   74.35              1.301501303891e-03
   74.85              1.284262579199e-03
   75.35              1.267252636520e-03
   75.85              1.250466951491e-03
   76.35              1.233901118262e-03
   76.85              1.217550845648e-03
   77.35              1.201411953418e-03
   77.85              1.185480368730e-03
   78.35              1.169752122711e-03
   78.85              1.154223347155e-03
   79.35              1.138890271353e-03
   79.85              1.123749219044e-03
   80.35              1.108796605469e-03
   80.85              1.094028934548e-03
   81.35              1.079442796152e-03
   81.85              1.065034863478e-03
   82.35              1.050801890522e-03
   82.85              1.036740709635e-03
   83.35              1.022848229178e-03
   83.85              1.009121431255e-03
   84.35              9.955573695260e-04
   84.85              9.821531670982e-04
   85.35              9.689060144938e-04
   85.85              9.558131676856e-04
   86.35              9.428719462023e-04
   86.85              9.300797312991e-04
   87.35              9.174339641911e-04
   87.85              9.049321443467e-04
   88.35              8.925718278395e-04
   88.85              8.803506257555e-04
   89.35              8.682662026541e-04
   89.85              8.563162750796e-04
   90.35              8.444986101236e-04
   90.85              8.328110240333e-04
   91.35              8.212513808669e-04
   91.85              8.098175911916e-04
   92.35              7.985076108253e-04
   92.85              7.873194396174e-04
   93.35              7.762511202704e-04
   93.85              7.653007371977e-04
   94.35              7.544664154188e-04
   94.85              7.437463194889e-04
   95.35              7.331386524624e-04
   95.85              7.226416548884e-04
   96.35              7.122536038382e-04
   96.85              7.019728119626e-04
   97.35              6.917976265777e-04
   97.85              6.817264287798e-04
   98.35              6.717576325863e-04
   98.85              6.618896841034e-04
   99.35              6.521210607185e-04
   99.85              6.424502703170e-04
  100.35              6.328758505223e-04
  100.85              6.233963679591e-04
  101.35              6.140104175376e-04
  101.85              6.047166217594e-04
  102.35              5.955136300436e-04
  102.85              5.864001180722e-04
  103.35              5.773747871551e-04
  103.85              5.684363636133e-04
  104.35              5.595835981793e-04
  104.85              5.508152654151e-04
  105.35              5.421301631470e-04
  105.85              5.335271119159e-04
  106.35              5.250049544434e-04
  106.85              5.165625551130e-04
  107.35              5.081987994651e-04
  107.85              4.999125937074e-04
  108.35              4.917028642373e-04
  108.85              4.835685571784e-04
  109.35              4.755086379299e-04
  109.85              4.675220907273e-04
  110.35              4.596079182162e-04
  110.85              4.517651410367e-04
  111.35              4.439927974197e-04
  111.85              4.362899427934e-04
  112.35              4.286556494010e-04
  112.85              4.210890059279e-04
  113.35              4.135891171392e-04
  113.85              4.061551035265e-04
  114.35              3.987861009642e-04
  114.85              3.914812603745e-04
  115.35              3.842397474016e-04
  115.85              3.770607420936e-04
  116.35              3.699434385931e-04
  116.85              3.628870448358e-04
  117.35              3.558907822567e-04
  117.85              3.489538855035e-04
  118.35              3.420756021576e-04
  118.85              3.352551924620e-04
  119.35              3.284919290563e-04
  119.85              3.217850967179e-04
  120.35              3.151339921097e-04
  120.85              3.085379235346e-04
  121.35              3.019962106957e-04
  121.85              2.955081844619e-04
  122.35              2.890731866404e-04
  122.85              2.826905697534e-04
  123.35              2.763596968218e-04
  123.85              2.700799411525e-04
  124.35              2.638506861319e-04
  124.85              2.576713250241e-04
  125.35              2.515412607740e-04
  125.85              2.454599058147e-04
  126.35              2.394266818801e-04
  126.85              2.334410198211e-04
  127.35              2.275023594273e-04
  127.85              2.216101492517e-04
  128.35              2.157638464402e-04
  128.85              2.099629165647e-04
  129.35              2.042068334605e-04
  129.85              1.984950790672e-04
  130.35              1.928271432731e-04
  130.85              1.872025237631e-04
  131.35              1.816207258711e-04
  131.85              1.760812624341e-04
  132.35              1.705836536509e-04
  132.85              1.651274269436e-04
  133.35              1.597121168220e-04
  133.85              1.543372647514e-04
  134.35              1.490024190230e-04
  134.85              1.437071346274e-04
  135.35              1.384509731309e-04
  135.85              1.332335025545e-04
  136.35              1.280542972555e-04
  136.85              1.229129378119e-04
  137.35              1.178090109087e-04
  137.85              1.127421092280e-04
  138.35              1.077118313396e-04
  138.85              1.027177815960e-04
  139.35              9.775957002773e-05
  139.85              9.283681224259e-05
  140.35              8.794912932589e-05
  140.85              8.309614774335e-05
  141.35              7.827749924594e-05
  141.85              7.349282077671e-05
  142.35              6.874175437961e-05
  142.85              6.402394711026e-05
  143.35              5.933905094846e-05
  143.85              5.468672271272e-05
  144.35              5.006662397635e-05
  144.85              4.547842098550e-05
  145.35              4.092178457868e-05
  145.85              3.639639010815e-05
  146.35              3.190191736273e-05
  146.85              2.743805049233e-05
  147.35              2.300447793390e-05
  147.85              1.860089233901e-05
  148.35              1.422699050276e-05
  148.85              9.882473294235e-06
  149.35              5.567045588277e-06
  149.85              1.280416198674e-06
