# header:
#   title: bremsstrahlung for E-incident 145 MeV
# datablock:
#   columns: 2
#   entries: 290
## photon energy  phi_norm_per_MeV
##    [MeV]            []
    0.35              5.504498313150e-01
    0.85              2.258723500085e-01
    1.35              1.417226326327e-01
    1.85              1.030592489736e-01
    2.35              8.084836899922e-02
    2.85              6.643078024391e-02
    3.35              5.631694932600e-02
    3.85              4.883008747768e-02
    4.35              4.306434329565e-02
    4.85              3.848741234702e-02
    5.35              3.476598251028e-02
    5.85              3.168069452598e-02
    6.35              2.908127866519e-02
    6.85              2.686133957240e-02
    7.35              2.494343300924e-02
    7.85              2.326984575349e-02
    8.35              2.179668810920e-02
    8.85              2.048998895580e-02
    9.35              1.932304372255e-02
    9.85              1.827457008658e-02
   10.35              1.732739825118e-02
   10.85              1.646752335915e-02
   11.35              1.568340836949e-02
   11.85              1.496546342115e-02
   12.35              1.430565166702e-02
   12.85              1.369718713110e-02
   13.35              1.313430046304e-02
   13.85              1.261205543167e-02
   14.35              1.212620378227e-02
   14.85              1.167306941566e-02
   15.35              1.124945520322e-02
   15.85              1.085256743953e-02
   16.35              1.047995415679e-02
   16.85              1.012945442198e-02
   17.35              9.799156401003e-03
   17.85              9.487362470833e-03
   18.35              9.192560035496e-03
   18.85              8.913396986648e-03
   19.35              8.648660968749e-03
   19.85              8.397261777948e-03
   20.35              8.158216355737e-03
   20.85              7.930635941785e-03
   21.35              7.713715032000e-03
   21.85              7.506721852639e-03
   22.35              7.308990113071e-03
   22.85              7.119911841318e-03
   23.35              6.938931140090e-03
   23.85              6.765538728221e-03
   24.35              6.599267154622e-03
   24.85              6.439686590021e-03
   25.35              6.286401116725e-03
   25.85              6.139045448973e-03
   26.35              5.997282026677e-03
   26.85              5.860798433889e-03
   27.35              5.729305100435e-03
   27.85              5.602533251126e-03
   28.35              5.480233071987e-03
   28.85              5.362172067169e-03
   29.35              5.248133583809e-03
   29.85              5.137915485151e-03
   30.35              5.031328954818e-03
   30.85              4.928197417365e-03
   31.35              4.828355562127e-03
   31.85              4.731648459016e-03
   32.35              4.637930756310e-03
   32.85              4.547065951708e-03
   33.35              4.458925728953e-03
   33.85              4.373389353251e-03
   34.35              4.290343119491e-03
   34.85              4.209679847963e-03
   35.35              4.131298422871e-03
   35.85              4.055103369469e-03
   36.35              3.981004466092e-03
   36.85              3.908916387772e-03
   37.35              3.838758378484e-03
   37.85              3.770453949362e-03
   38.35              3.703930600530e-03
   38.85              3.639119564409e-03
   39.35              3.575955568597e-03
   39.85              3.514376616594e-03
   40.35              3.454323784838e-03
   40.85              3.395741034644e-03
   41.35              3.338575037779e-03
   41.85              3.282775014556e-03
   42.35              3.228292583380e-03
   42.85              3.175081620842e-03
   43.35              3.123098131490e-03
   43.85              3.072300126501e-03
   44.35              3.022647510575e-03
   44.85              2.974101976388e-03
   45.35              2.926626906019e-03
   45.85              2.880187278843e-03
   46.35              2.834749585370e-03
   46.85              2.790281746615e-03
   47.35              2.746753038561e-03
   47.85              2.704134021376e-03
   48.35              2.662396473006e-03
   48.85              2.621513326854e-03
   49.35              2.581458613248e-03
   49.85              2.542207404428e-03
   50.35              2.503735762815e-03
   50.85              2.466020692324e-03
   51.35              2.429040092535e-03
   51.85              2.392772715499e-03
   52.35              2.357198125036e-03
   52.85              2.322296658327e-03
   53.35              2.288049389683e-03
   53.85              2.254438096315e-03
   54.35              2.221445226008e-03
   54.85              2.189053866554e-03
   55.35              2.157247716847e-03
   55.85              2.126011059524e-03
   56.35              2.095328735074e-03
   56.85              2.065186117298e-03
   57.35              2.035569090067e-03
   57.85              2.006464025278e-03
   58.35              1.977857761942e-03
   58.85              1.949737586343e-03
   59.35              1.922091213197e-03
   59.85              1.894906767757e-03
   60.35              1.868172768802e-03
   60.85              1.841878112476e-03
   61.35              1.816012056906e-03
   61.85              1.790564207569e-03
   62.35              1.765524503370e-03
   62.85              1.740883203374e-03
   63.35              1.716630874176e-03
   63.85              1.692758377855e-03
   64.35              1.669256860497e-03
   64.85              1.646117741249e-03
   65.35              1.623332701866e-03
   65.85              1.600893676749e-03
   66.35              1.578792843420e-03
   66.85              1.557022613431e-03
   67.35              1.535575623680e-03
   67.85              1.514444728104e-03
   68.35              1.493622989741e-03
   68.85              1.473103673141e-03
   69.35              1.452880237098e-03
   69.85              1.432946327698e-03
   70.35              1.413295771666e-03
   70.85              1.393922569988e-03
   71.35              1.374820891810e-03
   71.85              1.355985068582e-03
   72.35              1.337409588453e-03
   72.85              1.319089090893e-03
   73.35              1.301018361534e-03
   73.85              1.283192327224e-03
   74.35              1.265606051278e-03
   74.85              1.248254728917e-03
   75.35              1.231133682899e-03
   75.85              1.214238359307e-03
   76.35              1.197564323515e-03
   76.85              1.181107256309e-03
   77.35              1.164862950153e-03
   77.85              1.148827305605e-03
   78.35              1.132996327866e-03
   78.85              1.117366123466e-03
   79.35              1.101932897067e-03
   79.85              1.086692948393e-03
   80.35              1.071642669274e-03
   80.85              1.056778540794e-03
   81.35              1.042097130549e-03
   81.85              1.027595090008e-03
   82.35              1.013269151962e-03
   82.85              9.991161280756e-04
   83.35              9.851329065152e-04
   83.85              9.713164496722e-04
   84.35              9.576637919619e-04
   84.85              9.441720377014e-04
   85.35              9.308383590619e-04
   85.85              9.176599940933e-04
   86.35              9.046342448163e-04
   86.85              8.917584753812e-04
   87.35              8.790301102900e-04
   87.85              8.664466326785e-04
   88.35              8.540055826574e-04
   88.85              8.417045557092e-04
   89.35              8.295412011386e-04
   89.85              8.175132205755e-04
   90.35              8.056183665266e-04
   90.85              7.938544409759e-04
   91.35              7.822192940299e-04
   91.85              7.707108226087e-04
   92.35              7.593269691779e-04
   92.85              7.480657205229e-04
   93.35              7.369251065616e-04
   93.85              7.259031991956e-04
   94.35              7.149981111974e-04
   94.85              7.042079951339e-04
   95.35              6.935310423223e-04
   95.85              6.829654818195e-04
   96.35              6.725095794434e-04
   96.85              6.621616368234e-04
   97.35              6.519199904810e-04
   97.85              6.417830109382e-04
   98.35              6.317491018533e-04
   98.85              6.218166991831e-04
   99.35              6.119842703696e-04
   99.85              6.022503135523e-04
  100.35              5.926133568029e-04
  100.85              5.830719573837e-04
  101.35              5.736247010273e-04
  101.85              5.642702012381e-04
  102.35              5.550070986133e-04
  102.85              5.458340601852e-04
  103.35              5.367497787810e-04
  103.85              5.277529724025e-04
  104.35              5.188423836221e-04
  104.85              5.100167789980e-04
  105.35              5.012749485042e-04
  105.85              4.926157049777e-04
  106.35              4.840378835813e-04
  106.85              4.755403412807e-04
  107.35              4.671219563374e-04
  107.85              4.587816278145e-04
  108.35              4.505182750971e-04
  108.85              4.423308374253e-04
  109.35              4.342182734405e-04
  109.85              4.261795607436e-04
  110.35              4.182136954659e-04
  110.85              4.103196918506e-04
  111.35              4.024965818465e-04
  111.85              3.947434147124e-04
  112.35              3.870592566316e-04
  112.85              3.794431903371e-04
  113.35              3.718943147465e-04
  113.85              3.644117446068e-04
  114.35              3.569946101483e-04
  114.85              3.496420567474e-04
  115.35              3.423532445983e-04
  115.85              3.351273483935e-04
  116.35              3.279635570121e-04
  116.85              3.208610732164e-04
  117.35              3.138191133558e-04
  117.85              3.068369070792e-04
  118.35              2.999136970533e-04
  118.85              2.930487386894e-04
  119.35              2.862412998760e-04
  119.85              2.794906607191e-04
  120.35              2.727961132875e-04
  120.85              2.661569613664e-04
  121.35              2.595725202151e-04
  121.85              2.530421163322e-04
  122.35              2.465650872256e-04
  122.85              2.401407811887e-04
  123.35              2.337685570815e-04
  123.85              2.274477841177e-04
  124.35              2.211778416562e-04
  124.85              2.149581189982e-04
  125.35              2.087880151887e-04
  125.85              2.026669388230e-04
  126.35              1.965943078579e-04
  126.85              1.905695494271e-04
  127.35              1.845920996608e-04
  127.85              1.786614035102e-04
  128.35              1.727769145754e-04
  128.85              1.669380949377e-04
  129.35              1.611444149957e-04
  129.85              1.553953533051e-04
  130.35              1.496903964223e-04
  130.85              1.440290387514e-04
  131.35              1.384107823951e-04
  131.85              1.328351370085e-04
  132.35              1.273016196565e-04
  132.85              1.218097546746e-04
  133.35              1.163590735320e-04
  133.85              1.109491146990e-04
  134.35              1.055794235165e-04
  134.85              1.002495520683e-04
  135.35              9.495905905719e-05
  135.85              8.970750968249e-05
  136.35              8.449447552138e-05
  136.85              7.931953441224e-05
  137.35              7.418227034066e-05
  137.85              6.908227332799e-05
  138.35              6.401913932229e-05
  138.85              5.899247009156e-05
  139.35              5.400187311939e-05
  139.85              4.904696150277e-05
  140.35              4.412735385206e-05
  140.85              3.924267419319e-05
  141.35              3.439255187185e-05
  141.85              2.957662145971e-05
  142.35              2.479452266270e-05
  142.85              2.004590023108e-05
  143.35              1.533040387153e-05
  143.85              1.064768816099e-05
  144.35              5.997412462301e-06
  144.85              1.379240841613e-06
