# header:
#   title: bremsstrahlung for E-incident 192 MeV
# datablock:
#   columns: 2
#   entries: 384
## photon energy  phi_norm_per_MeV
##    [MeV]            []
    0.35              5.225043513073e-01
    0.85              2.145875438581e-01
    1.35              1.347572604453e-01
    1.85              9.807848157996e-02
    2.35              7.700769372116e-02
    2.85              6.333016476018e-02
    3.35              5.373548026517e-02
    3.85              4.663292161301e-02
    4.35              4.116313506480e-02
    4.85              3.682113955746e-02
    5.35              3.329073199541e-02
    5.85              3.036381290551e-02
    6.35              2.789782595576e-02
    6.85              2.579183710085e-02
    7.35              2.397237734185e-02
    7.85              2.238469589611e-02
    8.35              2.098715594086e-02
    8.85              1.974753010486e-02
    9.35              1.864048457217e-02
    9.85              1.764582944889e-02
   10.35              1.674727626989e-02
   10.85              1.593153905209e-02
   11.35              1.518767295480e-02
   11.85              1.450658036783e-02
   12.35              1.388063697818e-02
   12.85              1.330340513637e-02
   13.35              1.276941163477e-02
   13.85              1.227397362064e-02
   14.35              1.181306090367e-02
   14.85              1.138318608010e-02
   15.35              1.098131613103e-02
   15.85              1.060480075288e-02
   16.35              1.025131383822e-02
   16.85              9.918805375469e-03
   17.35              9.605461665617e-03
   17.85              9.309672225224e-03
   18.35              9.030002100383e-03
   18.85              8.765168586940e-03
   19.35              8.514021559980e-03
   19.85              8.275526776192e-03
   20.35              8.048751637798e-03
   20.85              7.832853004843e-03
   21.35              7.627066720036e-03
   21.85              7.430698571834e-03
   22.35              7.243116470531e-03
   22.85              7.063743651560e-03
   23.35              6.892052752032e-03
   23.85              6.727560632358e-03
   24.35              6.569823835874e-03
   24.85              6.418434596592e-03
   25.35              6.273017319412e-03
   25.85              6.133225468816e-03
   26.35              5.998738811791e-03
   26.85              5.869260968807e-03
   27.35              5.744517233428e-03
   27.85              5.624252626788e-03
   28.35              5.508230157949e-03
   28.85              5.396229265152e-03
   29.35              5.288044416403e-03
   29.85              5.183483850694e-03
   30.35              5.082368443658e-03
   30.85              4.984530683527e-03
   31.35              4.889813745091e-03
   31.85              4.798070650876e-03
   32.35              4.709163510114e-03
   32.85              4.622962827214e-03
   33.35              4.539346872437e-03
   33.85              4.458201108347e-03
   34.35              4.379417666356e-03
   34.85              4.302894868325e-03
   35.35              4.228536788767e-03
   35.85              4.156252853688e-03
   36.35              4.085957472531e-03
   36.85              4.017569700089e-03
   37.35              3.951012925571e-03
   37.85              3.886214586311e-03
   38.35              3.823105903877e-03
   38.85              3.761621640552e-03
   39.35              3.701699874390e-03
   39.85              3.643281791193e-03
   40.35              3.586311491966e-03
   40.85              3.530735814507e-03
   41.35              3.476504167942e-03
   41.85              3.423568379121e-03
   42.35              3.371882549894e-03
   42.85              3.321402924382e-03
   43.35              3.272087765434e-03
   43.85              3.223897239529e-03
   44.35              3.176793309474e-03
   44.85              3.130739634269e-03
   45.35              3.085701475606e-03
   45.85              3.041645610480e-03
   46.35              2.998540249457e-03
   46.85              2.956354960173e-03
   47.35              2.915060595690e-03
   47.85              2.874629227329e-03
   48.35              2.835034081685e-03
   48.85              2.796249481500e-03
   49.35              2.758250790133e-03
   49.85              2.721014359375e-03
   50.35              2.684517480370e-03
   50.85              2.648738337432e-03
   51.35              2.613655964561e-03
   51.85              2.579250204475e-03
   52.35              2.545501669987e-03
   52.85              2.512391707580e-03
   53.35              2.479902363025e-03
   53.85              2.448016348917e-03
   54.35              2.416717014001e-03
   54.85              2.385988314180e-03
   55.35              2.355814785087e-03
   55.85              2.326181516139e-03
   56.35              2.297074125965e-03
   56.85              2.268478739137e-03
   57.35              2.240381964110e-03
   57.85              2.212770872317e-03
   58.35              2.185632978326e-03
   58.85              2.158956221021e-03
   59.35              2.132728945727e-03
   59.85              2.106939887229e-03
   60.35              2.081578153645e-03
   60.85              2.056633211081e-03
   61.35              2.032094869047e-03
   61.85              2.007953266578e-03
   62.35              1.984198859016e-03
   62.85              1.960822405432e-03
   63.35              1.937814956641e-03
   63.85              1.915167843774e-03
   64.35              1.892872667394e-03
   64.85              1.870921287102e-03
   65.35              1.849305811635e-03
   65.85              1.828018589403e-03
   66.35              1.807052199457e-03
   66.85              1.786399442868e-03
   67.35              1.766053334485e-03
   67.85              1.746007095053e-03
   68.35              1.726254143689e-03
   68.85              1.706788090674e-03
   69.35              1.687602730565e-03
   69.85              1.668692035598e-03
   70.35              1.650050149371e-03
   70.85              1.631671380806e-03
   71.35              1.613550198344e-03
   71.85              1.595681224407e-03
   72.35              1.578059230068e-03
   72.85              1.560679129955e-03
   73.35              1.543535977356e-03
   73.85              1.526624959524e-03
   74.35              1.509941393176e-03
   74.85              1.493480720166e-03
   75.35              1.477238503334e-03
   75.85              1.461210422518e-03
   76.35              1.445392270724e-03
   76.85              1.429779950443e-03
   77.35              1.414369470114e-03
   77.85              1.399156940721e-03
   78.35              1.384138572520e-03
   78.85              1.369310671893e-03
   79.35              1.354669638318e-03
   79.85              1.340211961457e-03
   80.35              1.325934218346e-03
   80.85              1.311833070697e-03
   81.35              1.297905262295e-03
   81.85              1.284147616487e-03
   82.35              1.270557033774e-03
   82.85              1.257130489476e-03
   83.35              1.243865031492e-03
   83.85              1.230757778135e-03
   84.35              1.217805916045e-03
   84.85              1.205006698176e-03
   85.35              1.192357441851e-03
   85.85              1.179855526893e-03
   86.35              1.167498393811e-03
   86.85              1.155283542054e-03
   87.35              1.143208528325e-03
   87.85              1.131270964951e-03
   88.35              1.119468518311e-03
   88.85              1.107798907311e-03
   89.35              1.096259901918e-03
   89.85              1.084849321738e-03
   90.35              1.073565034642e-03
   90.85              1.062404955440e-03
   91.35              1.051367044592e-03
   91.85              1.040449306971e-03
   92.35              1.029649790656e-03
   92.85              1.018966585771e-03
   93.35              1.008397823360e-03
   93.85              9.979416742936e-04
   94.35              9.875963482167e-04
   94.85              9.773600925254e-04
   95.35              9.672311913773e-04
   95.85              9.572079647326e-04
   96.35              9.472887674251e-04
   96.85              9.374719882622e-04
   97.35              9.277560491524e-04
   97.85              9.181394042594e-04
   98.35              9.086205391822e-04
   98.85              8.991979701605e-04
   99.35              8.898702433030e-04
   99.85              8.806359338402e-04
  100.35              8.714936453985e-04
  100.85              8.624420092962e-04
  101.35              8.534796838610e-04
  101.85              8.446053537664e-04
  102.35              8.358177293884e-04
  102.85              8.271155461807e-04
  103.35              8.184975640685e-04
  103.85              8.099625668586e-04
  104.35              8.015093616681e-04
  104.85              7.931367783677e-04
  105.35              7.848436690426e-04
  105.85              7.766289074675e-04
  106.35              7.684913885964e-04
  106.85              7.604300280675e-04
  107.35              7.524437617215e-04
  107.85              7.445315451330e-04
  108.35              7.366923531554e-04
  108.85              7.289251794780e-04
  109.35              7.212290361954e-04
  109.85              7.136029533888e-04
  110.35              7.060459787182e-04
  110.85              6.985571770261e-04
  111.35              6.911356299518e-04
  111.85              6.837804355559e-04
  112.35              6.764907079547e-04
  112.85              6.692655769651e-04
  113.35              6.621041877574e-04
  113.85              6.550057005190e-04
  114.35              6.479692901257e-04
  114.85              6.409941458221e-04
  115.35              6.340794709099e-04
  115.85              6.272244824450e-04
  116.35              6.204284109415e-04
  116.85              6.136905000842e-04
  117.35              6.070100064476e-04
  117.85              6.003861992229e-04
  118.35              5.938183599510e-04
  118.85              5.873057822633e-04
  119.35              5.808477716279e-04
  119.85              5.744436451029e-04
  120.35              5.680927310957e-04
  120.85              5.617943691283e-04
  121.35              5.555479096082e-04
  121.85              5.493527136048e-04
  122.35              5.432081526321e-04
  122.85              5.371136084357e-04
  123.35              5.310684727857e-04
  123.85              5.250721472742e-04
  124.35              5.191240431178e-04
  124.85              5.132235809651e-04
  125.35              5.073701907082e-04
  125.85              5.015633112997e-04
  126.35              4.958023905727e-04
  126.85              4.900868850662e-04
  127.35              4.844162598543e-04
  127.85              4.787899883788e-04
  128.35              4.732075522869e-04
  128.85              4.676684412714e-04
  129.35              4.621721529154e-04
  129.85              4.567181925406e-04
  130.35              4.513060730586e-04
  130.85              4.459353148260e-04
  131.35              4.406054455026e-04
  131.85              4.353159999132e-04
  132.35              4.300665199120e-04
  132.85              4.248565542502e-04
  133.35              4.196856584472e-04
  133.85              4.145533946636e-04
  134.35              4.094593315781e-04
  134.85              4.044030442663e-04
  135.35              3.993841140827e-04
  135.85              3.944021285454e-04
  136.35              3.894566812224e-04
  136.85              3.845473716220e-04
  137.35              3.796738050838e-04
  137.85              3.748355926736e-04
  138.35              3.700323510794e-04
  138.85              3.652637025108e-04
  139.35              3.605292745994e-04
  139.85              3.558287003018e-04
  140.35              3.511616178055e-04
  140.85              3.465276704352e-04
  141.35              3.419265065623e-04
  141.85              3.373577795162e-04
  142.35              3.328211474968e-04
  142.85              3.283162734894e-04
  143.35              3.238428251814e-04
  143.85              3.194004748804e-04
  144.35              3.149888994342e-04
  144.85              3.106077801527e-04
  145.35              3.062568027307e-04
  145.85              3.019356571731e-04
  146.35              2.976440377212e-04
  146.85              2.933816427803e-04
  147.35              2.891481748495e-04
  147.85              2.849433404523e-04
  148.35              2.807668500685e-04
  148.85              2.766184180682e-04
  149.35              2.724977626464e-04
  149.85              2.684046057593e-04
  150.35              2.643386730617e-04
  150.85              2.602996938456e-04
  151.35              2.562874009805e-04
  151.85              2.523015308541e-04
  152.35              2.483418233146e-04
  152.85              2.444080216145e-04
  153.35              2.404998723545e-04
  153.85              2.366171254297e-04
  154.35              2.327595339757e-04
  154.85              2.289268543167e-04
  155.35              2.251188459139e-04
  155.85              2.213352713155e-04
  156.35              2.175758961069e-04
  156.85              2.138404888626e-04
  157.35              2.101288210988e-04
  157.85              2.064406672264e-04
  158.35              2.027758045057e-04
  158.85              1.991340130014e-04
  159.35              1.955150755385e-04
  159.85              1.919187776594e-04
  160.35              1.883449075812e-04
  160.85              1.847932561544e-04
  161.35              1.812636168219e-04
  161.85              1.777557855793e-04
  162.35              1.742695609350e-04
  162.85              1.708047438722e-04
  163.35              1.673611378107e-04
  163.85              1.639385485699e-04
  164.35              1.605367843320e-04
  164.85              1.571556556066e-04
  165.35              1.537949751953e-04
  165.85              1.504545581570e-04
  166.35              1.471342217741e-04
  166.85              1.438337855194e-04
  167.35              1.405530710231e-04
  167.85              1.372919020405e-04
  168.35              1.340501044211e-04
  168.85              1.308275060769e-04
  169.35              1.276239369523e-04
  169.85              1.244392289942e-04
  170.35              1.212732161224e-04
  170.85              1.181257342010e-04
  171.35              1.149966210098e-04
  171.85              1.118857162166e-04
  172.35              1.087928613497e-04
  172.85              1.057178997710e-04
  173.35              1.026606766496e-04
  173.85              9.962103893582e-05
  174.35              9.659883533572e-05
  174.85              9.359391628581e-05
  175.35              9.060613392851e-05
  175.85              8.763534208789e-05
  176.35              8.468139624579e-05
  176.85              8.174415351844e-05
  177.35              7.882347263337e-05
  177.85              7.591921390677e-05
  178.35              7.303123922125e-05
  178.85              7.015941200392e-05
  179.35              6.730359720486e-05
  179.85              6.446366127596e-05
  180.35              6.163947215011e-05
  180.85              5.883089922070e-05
  181.35              5.603781332150e-05
  181.85              5.326008670688e-05
  182.35              5.049759303228e-05
  182.85              4.775020733512e-05
  183.35              4.501780601592e-05
  183.85              4.230026681974e-05
  184.35              3.959746881801e-05
  184.85              3.690929239054e-05
  185.35              3.423561920789e-05
  185.85              3.157633221400e-05
  186.35              2.893131560914e-05
  186.85              2.630045483304e-05
  187.35              2.368363654841e-05
  187.85              2.108074862463e-05
  188.35              1.849168012172e-05
  188.85              1.591632127465e-05
  189.35              1.335456347773e-05
  189.85              1.080629926942e-05
  190.35              8.271422317258e-06
  190.85              5.749827403097e-06
  191.35              3.241410408528e-06
  191.85              7.460683005616e-07
