# header:
#   title: bremsstrahlung for E-incident 189 MeV
# datablock:
#   columns: 2
#   entries: 378
## photon energy  phi_norm_per_MeV
##    [MeV]            []
    0.35              5.239983034096e-01
    0.85              2.151921440282e-01
    1.35              1.351312878923e-01
    1.85              9.834657020821e-02
    2.35              7.721492387906e-02
    2.85              6.349789029698e-02
    3.35              5.387549360507e-02
    3.85              4.675242072925e-02
    4.35              4.126683587085e-02
    4.85              3.691229943687e-02
    5.35              3.337169504662e-02
    5.85              3.043632217607e-02
    6.35              2.796321274970e-02
    6.85              2.585114119580e-02
    7.35              2.402642631589e-02
    7.85              2.243415919139e-02
    8.35              2.103258274048e-02
    8.85              1.978937651001e-02
    9.35              1.867913351275e-02
    9.85              1.768160554059e-02
   10.35              1.678045708265e-02
   10.85              1.596236378212e-02
   11.35              1.521634918649e-02
   11.85              1.453328940905e-02
   12.35              1.390553811562e-02
   12.85              1.332663906291e-02
   13.35              1.279110323514e-02
   13.85              1.229423425413e-02
   14.35              1.183199028922e-02
   14.85              1.140087386403e-02
   15.35              1.099784319944e-02
   15.85              1.062024033704e-02
   16.35              1.026573245093e-02
   16.85              9.932263608503e-03
   17.35              9.618014872270e-03
   17.85              9.321371107254e-03
   18.35              9.040893214991e-03
   18.85              8.775294786509e-03
   19.35              8.523422375003e-03
   19.85              8.284238749970e-03
   20.35              8.056808620025e-03
   20.85              7.840286409981e-03
   21.35              7.633905755443e-03
   21.85              7.436970439786e-03
   22.35              7.248846547647e-03
   22.85              7.068955648601e-03
   23.35              6.896768856579e-03
   23.85              6.731801636550e-03
   24.35              6.573609251020e-03
   24.85              6.421782756255e-03
   25.35              6.275945472329e-03
   25.85              6.135749862829e-03
   26.35              6.000874769820e-03
   26.85              5.871022957741e-03
   27.35              5.745918926726e-03
   27.85              5.625306961456e-03
   28.35              5.508949386496e-03
   28.85              5.396625003042e-03
   29.35              5.288127685464e-03
   29.85              5.183265118893e-03
   30.35              5.081857661600e-03
   30.85              4.983737317996e-03
   31.35              4.888746809913e-03
   31.85              4.796738735365e-03
   32.35              4.707574805316e-03
   32.85              4.621125150155e-03
   33.35              4.537267688551e-03
   33.85              4.455887552254e-03
   34.35              4.376876561118e-03
   34.85              4.300132743329e-03
   35.35              4.225559896340e-03
   35.85              4.153067184553e-03
   36.35              4.082568770201e-03
   36.85              4.013983474285e-03
   37.35              3.947234464739e-03
   37.85              3.882248969316e-03
   38.35              3.818958010932e-03
   38.85              3.757296163445e-03
   39.35              3.697201326059e-03
   39.85              3.638614514706e-03
   40.35              3.581479668938e-03
   40.85              3.525743473005e-03
   41.35              3.471355189912e-03
   41.85              3.418266507370e-03
   42.35              3.366431394665e-03
   42.85              3.315805969537e-03
   43.35              3.266348374285e-03
   43.85              3.218018660339e-03
   44.35              3.170778680642e-03
   44.85              3.124591989232e-03
   45.35              3.079423747468e-03
   45.85              3.035240636385e-03
   46.35              2.992010774733e-03
   46.85              2.949703642251e-03
   47.35              2.908290007816e-03
   47.85              2.867741862083e-03
   48.35              2.828032354318e-03
   48.85              2.789135733099e-03
   49.35              2.751027290628e-03
   49.85              2.713683310393e-03
   50.35              2.677081017948e-03
   50.85              2.641198534598e-03
   51.35              2.606014833786e-03
   51.85              2.571509700010e-03
   52.35              2.537663690088e-03
   52.85              2.504458096627e-03
   53.35              2.471874913539e-03
   53.85              2.439896803490e-03
   54.35              2.408507067130e-03
   54.85              2.377689614022e-03
   55.35              2.347428935135e-03
   55.85              2.317710076819e-03
   56.35              2.288518616166e-03
   56.85              2.259840637670e-03
   57.35              2.231662711110e-03
   57.85              2.203971870575e-03
   58.35              2.176755594573e-03
   58.85              2.150001787153e-03
   59.35              2.123698759976e-03
   59.85              2.097835215291e-03
   60.35              2.072400229756e-03
   60.85              2.047383239053e-03
   61.35              2.022774023260e-03
   61.85              1.998562692928e-03
   62.35              1.974739675833e-03
   62.85              1.951295704356e-03
   63.35              1.928221803463e-03
   63.85              1.905509279248e-03
   64.35              1.883149708012e-03
   64.85              1.861134925847e-03
   65.35              1.839457018696e-03
   65.85              1.818108312869e-03
   66.35              1.797081365984e-03
   66.85              1.776368958319e-03
   67.35              1.755964084547e-03
   67.85              1.735859945834e-03
   68.35              1.716049942289e-03
   68.85              1.696527665737e-03
   69.35              1.677286892814e-03
   69.85              1.658321578343e-03
   70.35              1.639625849010e-03
   70.85              1.621193997296e-03
   71.35              1.603020475670e-03
   71.85              1.585099891018e-03
   72.35              1.567426999312e-03
   72.85              1.549996700492e-03
   73.35              1.532804033558e-03
   73.85              1.515844171863e-03
   74.35              1.499112418597e-03
   74.85              1.482604202448e-03
   75.35              1.466315073442e-03
   75.85              1.450240698938e-03
   76.35              1.434376859791e-03
   76.85              1.418719446658e-03
   77.35              1.403264456448e-03
   77.85              1.388007988913e-03
   78.35              1.372946243363e-03
   78.85              1.358075515512e-03
   79.35              1.343392194439e-03
   79.85              1.328892759666e-03
   80.35              1.314573778344e-03
   80.85              1.300431902542e-03
   81.35              1.286463866639e-03
   81.85              1.272666484810e-03
   82.35              1.259036648601e-03
   82.85              1.245571324598e-03
   83.35              1.232267552172e-03
   83.85              1.219122441313e-03
   84.35              1.206133170536e-03
   84.85              1.193296984860e-03
   85.35              1.180611193860e-03
   85.85              1.168073169791e-03
   86.35              1.155680345769e-03
   86.85              1.143430214021e-03
   87.35              1.131320324194e-03
   87.85              1.119348281718e-03
   88.35              1.107511746232e-03
   88.85              1.095808430052e-03
   89.35              1.084236096707e-03
   89.85              1.072792559503e-03
   90.35              1.061475680155e-03
   90.85              1.050283367447e-03
   91.35              1.039213575952e-03
   91.85              1.028264304777e-03
   92.35              1.017433596366e-03
   92.85              1.006719535326e-03
   93.35              9.961202473014e-04
   93.85              9.856338978816e-04
   94.35              9.752586915400e-04
   94.85              9.649928706104e-04
   95.35              9.548347142947e-04
   95.85              9.447825377006e-04
   96.35              9.348346909103e-04
   96.85              9.249895580776e-04
   97.35              9.152455565528e-04
   97.85              9.056011360349e-04
   98.35              8.960547777491e-04
   98.85              8.866049936492e-04
   99.35              8.772503256450e-04
   99.85              8.679893448516e-04
  100.35              8.588206508623e-04
  100.85              8.497428710425e-04
  101.35              8.407546598445e-04
  101.85              8.318546981428e-04
  102.35              8.230416925886e-04
  102.85              8.143143749835e-04
  103.35              8.056715016706e-04
  103.85              7.971118529442e-04
  104.35              7.886342324759e-04
  104.85              7.802374667569e-04
  105.35              7.719204045569e-04
  105.85              7.636819163975e-04
  106.35              7.555208940411e-04
  106.85              7.474362499942e-04
  107.35              7.394269170236e-04
  107.85              7.314918476874e-04
  108.35              7.236300138781e-04
  108.85              7.158404063784e-04
  109.35              7.081220344298e-04
  109.85              7.004739253118e-04
  110.35              6.928951239339e-04
  110.85              6.853846924376e-04
  111.35              6.779417098097e-04
  111.85              6.705652715057e-04
  112.35              6.632544890833e-04
  112.85              6.560084898460e-04
  113.35              6.488264164951e-04
  113.85              6.417074267925e-04
  114.35              6.346506932307e-04
  114.85              6.276554027125e-04
  115.35              6.207207562387e-04
  115.85              6.138459686037e-04
  116.35              6.070302680992e-04
  116.85              6.002728962254e-04
  117.35              5.935731074099e-04
  117.85              5.869301687327e-04
  118.35              5.803433596599e-04
  118.85              5.738119717826e-04
  119.35              5.673353085627e-04
  119.85              5.609126850861e-04
  120.35              5.545434278202e-04
  120.85              5.482268743796e-04
  121.35              5.419623732952e-04
  121.85              5.357492837914e-04
  122.35              5.295869755667e-04
  122.85              5.234748285811e-04
  123.35              5.174122328479e-04
  123.85              5.113985882308e-04
  124.35              5.054333042460e-04
  124.85              4.995157998686e-04
  125.35              4.936455033442e-04
  125.85              4.878218520048e-04
  126.35              4.820442920887e-04
  126.85              4.763122785653e-04
  127.35              4.706252749636e-04
  127.85              4.649827532047e-04
  128.35              4.593841934384e-04
  128.85              4.538290838838e-04
  129.35              4.483169206728e-04
  129.85              4.428472076983e-04
  130.35              4.374194564652e-04
  130.85              4.320331859445e-04
  131.35              4.266879224320e-04
  131.85              4.213831994087e-04
  132.35              4.161185574057e-04
  132.85              4.108935438709e-04
  133.35              4.057077130398e-04
  133.85              4.005606258084e-04
  134.35              3.954518496097e-04
  134.85              3.903809582919e-04
  135.35              3.853475320005e-04
  135.85              3.803511570620e-04
  136.35              3.753914258707e-04
  136.85              3.704679367780e-04
  137.35              3.655802939838e-04
  137.85              3.607281074304e-04
  138.35              3.559109926988e-04
  138.85              3.511285709074e-04
  139.35              3.463804686121e-04
  139.85              3.416663177097e-04
  140.35              3.369857553423e-04
  140.85              3.323384238048e-04
  141.35              3.277239704528e-04
  141.85              3.231420476144e-04
  142.35              3.185923125024e-04
  142.85              3.140744271286e-04
  143.35              3.095880582206e-04
  143.85              3.051328771395e-04
  144.35              3.007085598000e-04
  144.85              2.963147865912e-04
  145.35              2.919512423002e-04
  145.85              2.876176160366e-04
  146.35              2.833136011584e-04
  146.85              2.790388952001e-04
  147.35              2.747931998015e-04
  147.85              2.705762206381e-04
  148.35              2.663876673539e-04
  148.85              2.622272534938e-04
  149.35              2.580946964390e-04
  149.85              2.539897173424e-04
  150.35              2.499120410666e-04
  150.85              2.458613961218e-04
  151.35              2.418375146057e-04
  151.85              2.378401321447e-04
  152.35              2.338689878358e-04
  152.85              2.299238241896e-04
  153.35              2.260043870752e-04
  153.85              2.221104256652e-04
  154.35              2.182416923822e-04
  154.85              2.143979428466e-04
  155.35              2.105789358249e-04
  155.85              2.067844331793e-04
  156.35              2.030141998184e-04
  156.85              1.992680036481e-04
  157.35              1.955456155247e-04
  157.85              1.918468092076e-04
  158.35              1.881713613137e-04
  158.85              1.845190512724e-04
  159.35              1.808896612816e-04
  159.85              1.772829762642e-04
  160.35              1.736987838256e-04
  160.85              1.701368742122e-04
  161.35              1.665970402705e-04
  161.85              1.630790774065e-04
  162.35              1.595827835469e-04
  162.85              1.561079591001e-04
  163.35              1.526544069180e-04
  163.85              1.492219322591e-04
  164.35              1.458103427518e-04
  164.85              1.424194483583e-04
  165.35              1.390490613394e-04
  165.85              1.356989962199e-04
  166.35              1.323690697546e-04
  166.85              1.290591008947e-04
  167.35              1.257689107552e-04
  167.85              1.224983225825e-04
  168.35              1.192471617231e-04
  168.85              1.160152555919e-04
  169.35              1.128024336421e-04
  169.85              1.096085273353e-04
  170.35              1.064333701115e-04
  170.85              1.032767973608e-04
  171.35              1.001386463945e-04
  171.85              9.701875641726e-05
  172.35              9.391696849962e-05
  172.85              9.083312555113e-05
  173.35              8.776707229372e-05
  173.85              8.471865523566e-05
  174.35              8.168772264596e-05
  174.85              7.867412452918e-05
  175.35              7.567771260068e-05
  175.85              7.269834026234e-05
  176.35              6.973586257860e-05
  176.85              6.679013625298e-05
  177.35              6.386101960498e-05
  177.85              6.094837254735e-05
  178.35              5.805205656378e-05
  178.85              5.517193468691e-05
  179.35              5.230787147676e-05
  179.85              4.945973299950e-05
  180.35              4.662738680656e-05
  180.85              4.381070191411e-05
  181.35              4.100954878285e-05
  181.85              3.822379929817e-05
  182.35              3.545332675062e-05
  182.85              3.269800581668e-05
  183.35              2.995771253986e-05
  183.85              2.723232431213e-05
  184.35              2.452171985565e-05
  184.85              2.182577920472e-05
  185.35              1.914438368814e-05
  185.85              1.647741591175e-05
  186.35              1.382475974136e-05
  186.85              1.118630028582e-05
  187.35              8.561923880486e-06
  187.85              5.951518070867e-06
  188.35              3.354971596579e-06
  188.85              7.721743755309e-07
