# header:
#   title: bremsstrahlung for E-incident 104 MeV
# datablock:
#   columns: 2
#   entries: 208
## photon energy  phi_norm_per_MeV
##    [MeV]            []
    0.35              5.875262972244e-01
    0.85              2.407555761249e-01
    1.35              1.508520558398e-01
    1.85              1.095450330062e-01
    2.35              8.581546669746e-02
    2.85              7.041206400585e-02
    3.35              5.960669196844e-02
    3.85              5.160791007063e-02
    4.35              4.544792860909e-02
    4.85              4.055804641797e-02
    5.35              3.658216089809e-02
    5.85              3.328591392862e-02
    6.35              3.050876097008e-02
    6.85              2.813703180112e-02
    7.35              2.608798687283e-02
    7.85              2.429996677617e-02
    8.35              2.272608082282e-02
    8.85              2.133003509019e-02
    9.35              2.008329906158e-02
    9.85              1.896313521862e-02
   10.35              1.795119976628e-02
   10.85              1.703253025425e-02
   11.35              1.619480078734e-02
   11.85              1.542776579020e-02
   12.35              1.472283889000e-02
   12.85              1.407277011433e-02
   13.35              1.347139562897e-02
   13.85              1.291344168407e-02
   14.35              1.239436954718e-02
   14.85              1.191025176294e-02
   15.35              1.145767259656e-02
   15.85              1.103364732081e-02
   16.35              1.063555631269e-02
   16.85              1.026109088369e-02
   17.35              9.908208476528e-03
   17.85              9.575095391898e-03
   18.35              9.260135608883e-03
   18.85              8.961884567673e-03
   19.35              8.679047016964e-03
   19.85              8.410458209364e-03
   20.35              8.155067868968e-03
   20.85              7.911926465762e-03
   21.35              7.680173418677e-03
   21.85              7.459026918370e-03
   22.35              7.247775116063e-03
   22.85              7.045768469218e-03
   23.35              6.852413070632e-03
   23.85              6.667164816640e-03
   24.35              6.489524293819e-03
   24.85              6.319032282983e-03
   25.35              6.155265795256e-03
   25.85              5.997834568177e-03
   26.35              5.846377960721e-03
   26.85              5.700562195256e-03
   27.35              5.560077902020e-03
   27.85              5.424637928110e-03
   28.35              5.293975378324e-03
   28.85              5.167841859727e-03
   29.35              5.046005905647e-03
   29.85              4.928251558069e-03
   30.35              4.814377090148e-03
   30.85              4.704193852953e-03
   31.35              4.597525232575e-03
   31.85              4.494205705459e-03
   32.35              4.394079981344e-03
   32.85              4.297002224478e-03
   33.35              4.202835344879e-03
   33.85              4.111450352418e-03
   34.35              4.022725767306e-03
   34.85              3.936547081337e-03
   35.35              3.852806264844e-03
   35.85              3.771401314919e-03
   36.35              3.692235840921e-03
   36.85              3.615218683720e-03
   37.35              3.540263565535e-03
   37.85              3.467288767512e-03
   38.35              3.396216832542e-03
   38.85              3.326974291006e-03
   39.35              3.259491407451e-03
   39.85              3.193701946320e-03
   40.35              3.129542955104e-03
   40.85              3.066954563429e-03
   41.35              3.005879796704e-03
   41.85              2.946264403138e-03
   42.35              2.888056693010e-03
   42.85              2.831207389185e-03
   43.35              2.775669487986e-03
   43.85              2.721398129574e-03
   44.35              2.668350477102e-03
   44.85              2.616485603948e-03
   45.35              2.565764388417e-03
   45.85              2.516149415318e-03
   46.35              2.467604883926e-03
   46.85              2.420096521827e-03
   47.35              2.373591504228e-03
   47.85              2.328058378324e-03
   48.35              2.283466992357e-03
   48.85              2.239788429029e-03
   49.35              2.196994942973e-03
   49.85              2.155059901972e-03
   50.35              2.113957731697e-03
   50.85              2.073663863689e-03
   51.35              2.034154686391e-03
   51.85              1.995407499013e-03
   52.35              1.957400468031e-03
   52.85              1.920112586170e-03
   53.35              1.883523633677e-03
   53.85              1.847614141770e-03
   54.35              1.812365358085e-03
   54.85              1.777759214030e-03
   55.35              1.743778293897e-03
   55.85              1.710405805637e-03
   56.35              1.677625553193e-03
   56.85              1.645421910291e-03
   57.35              1.613779795600e-03
   57.85              1.582684649184e-03
   58.35              1.552122410162e-03
   58.85              1.522079495506e-03
   59.35              1.492542779919e-03
   59.85              1.463499576705e-03
   60.35              1.434937619609e-03
   60.85              1.406845045539e-03
   61.35              1.379210378136e-03
   61.85              1.352022512147e-03
   62.35              1.325270698539e-03
   62.85              1.298944530335e-03
   63.35              1.273033929111e-03
   63.85              1.247529132135e-03
   64.35              1.222420680100e-03
   64.85              1.197699405429e-03
   65.35              1.173356421112e-03
   65.85              1.149383110058e-03
   66.35              1.125771114920e-03
   66.85              1.102512328385e-03
   67.35              1.079598883893e-03
   67.85              1.057023146762e-03
   68.35              1.034777705712e-03
   68.85              1.012855364750e-03
   69.35              9.912491354096e-04
   69.85              9.699522293240e-04
   70.35              9.489580511145e-04
   70.85              9.282601915812e-04
   71.35              9.078524211794e-04
   71.85              8.877286837686e-04
   72.35              8.678830906206e-04
   72.85              8.483099146743e-04
   73.35              8.290035850259e-04
   73.85              8.099586816421e-04
   74.35              7.911699302878e-04
   74.85              7.726321976556e-04
   75.35              7.543404866907e-04
   75.85              7.362899320998e-04
   76.35              7.184757960366e-04
   76.85              7.008934639560e-04
   77.35              6.835384406288e-04
   77.85              6.664063463104e-04
   78.35              6.494929130554e-04
   78.85              6.327939811733e-04
   79.35              6.163054958177e-04
   79.85              6.000235037040e-04
   80.35              5.839441499488e-04
   80.85              5.680636750279e-04
   81.35              5.523784118455e-04
   81.85              5.368847829109e-04
   82.35              5.215792976185e-04
   82.85              5.064585496259e-04
   83.35              4.915192143267e-04
   83.85              4.767580464133e-04
   84.35              4.621718775267e-04
   84.85              4.477576139894e-04
   85.35              4.335122346177e-04
   85.85              4.194327886109e-04
   86.35              4.055163935133e-04
   86.85              3.917602332469e-04
   87.35              3.781615562120e-04
   87.85              3.647176734518e-04
   88.35              3.514259568802e-04
   88.85              3.382838375689e-04
   89.35              3.252888040920e-04
   89.85              3.124384009264e-04
   90.35              2.997302269050e-04
   90.85              2.871619337203e-04
   91.35              2.747312244785e-04
   91.85              2.624358522998e-04
   92.35              2.502736189644e-04
   92.85              2.382423736024e-04
   93.35              2.263400114259e-04
   93.85              2.145644725011e-04
   94.35              2.029137405602e-04
   94.85              1.913858418501e-04
   95.35              1.799788440179e-04
   95.85              1.686908550311e-04
   96.35              1.575200221313e-04
   96.85              1.464645308206e-04
   97.35              1.355226038788e-04
   97.85              1.246925004111e-04
   98.35              1.139725149247e-04
   98.85              1.033609764337e-04
   99.35              9.285624759030e-05
   99.85              8.245672384297e-05
  100.35              7.216083261928e-05
  100.85              6.196703253316e-05
  101.35              5.187381261562e-05
  101.85              4.187969156816e-05
  102.35              3.198321703801e-05
  102.85              2.218296491458e-05
  103.35              1.247753864624e-05
  103.85              2.865568576917e-06
