# header:
#   title: bremsstrahlung for E-incident 110 MeV
# datablock:
#   columns: 2
#   entries: 220
## photon energy  phi_norm_per_MeV
##    [MeV]            []
    0.35              5.809334154572e-01
    0.85              2.381170977603e-01
    1.35              1.492387931722e-01
    1.85              1.084028153885e-01
    2.35              8.494384942763e-02
    2.85              6.971609959339e-02
    3.35              5.903394672459e-02
    3.85              5.112637901652e-02
    4.35              4.503664296548e-02
    4.85              4.020252259507e-02
    5.35              3.627197612566e-02
    5.85              3.301331794163e-02
    6.35              3.026783427477e-02
    6.85              2.792315114321e-02
    7.35              2.589747251935e-02
    7.85              2.412984212783e-02
    8.35              2.257390399876e-02
    8.85              2.119377808767e-02
    9.35              1.996125922590e-02
    9.85              1.885386918257e-02
   10.35              1.785347334634e-02
   10.85              1.694527989132e-02
   11.35              1.611710348080e-02
   11.85              1.535881537496e-02
   12.35              1.466192711575e-02
   12.85              1.401927140589e-02
   13.35              1.342475470052e-02
   13.85              1.287316338904e-02
   14.35              1.236001049648e-02
   14.85              1.188141335425e-02
   15.35              1.143399517895e-02
   15.85              1.101480527969e-02
   16.35              1.062125390638e-02
   16.85              1.025105869766e-02
   17.35              9.902200388576e-03
   17.85              9.572885962354e-03
   18.35              9.261517826390e-03
   18.85              8.966667893925e-03
   19.35              8.687055684068e-03
   19.85              8.421529731634e-03
   20.35              8.169051737551e-03
   20.85              7.928682999779e-03
   21.35              7.699572750896e-03
   21.85              7.480948096927e-03
   22.35              7.272105306670e-03
   22.85              7.072402244653e-03
   23.35              6.881251776297e-03
   23.85              6.698116002632e-03
   24.35              6.522501205298e-03
   24.85              6.353953401820e-03
   25.35              6.192054426882e-03
   25.85              6.036418468382e-03
   26.35              5.886688997871e-03
   26.85              5.742536043953e-03
   27.35              5.603653764767e-03
   27.85              5.469758281961e-03
   28.35              5.340585743874e-03
   28.85              5.215890590123e-03
   29.35              5.095443993570e-03
   29.85              4.979032458878e-03
   30.35              4.866456559596e-03
   30.85              4.757529798054e-03
   31.35              4.652077574361e-03
   31.85              4.549936252510e-03
   32.35              4.450952313096e-03
   32.85              4.354981583406e-03
   33.35              4.261888536765e-03
   33.85              4.171545653984e-03
   34.35              4.083832840570e-03
   34.85              3.998636894112e-03
   35.35              3.915851016861e-03
   35.85              3.835374369101e-03
   36.35              3.757111659381e-03
   36.85              3.680972768106e-03
   37.35              3.606872401364e-03
   37.85              3.534729772184e-03
   38.35              3.464468306738e-03
   38.85              3.396015373221e-03
   39.35              3.329302031407e-03
   39.85              3.264262801056e-03
   40.35              3.200835447542e-03
   40.85              3.138960783220e-03
   41.35              3.078582483211e-03
   41.85              3.019646914385e-03
   42.35              2.962102976464e-03
   42.85              2.905901954247e-03
   43.35              2.850997380062e-03
   43.85              2.797344905631e-03
   44.35              2.744902182596e-03
   44.85              2.693628751045e-03
   45.35              2.643485935405e-03
   45.85              2.594436747150e-03
   46.35              2.546445793809e-03
   46.85              2.499479193795e-03
   47.35              2.453504496632e-03
   47.85              2.408490608187e-03
   48.35              2.364407720537e-03
   48.85              2.321227246146e-03
   49.35              2.278921756037e-03
   49.85              2.237464921698e-03
   50.35              2.196831460435e-03
   50.85              2.156997083955e-03
   51.35              2.117938449958e-03
   51.85              2.079633116520e-03
   52.35              2.042059499099e-03
   52.85              2.005196829972e-03
   53.35              1.969025119968e-03
   53.85              1.933525122312e-03
   54.35              1.898678298486e-03
   54.85              1.864466785943e-03
   55.35              1.830873367573e-03
   55.85              1.797881442819e-03
   56.35              1.765475000313e-03
   56.85              1.733638591977e-03
   57.35              1.702357308459e-03
   57.85              1.671616755857e-03
   58.35              1.641403033634e-03
   58.85              1.611702713658e-03
   59.35              1.582502820304e-03
   59.85              1.553790811550e-03
   60.35              1.525554561019e-03
   60.85              1.497782340899e-03
   61.35              1.470462805704e-03
   61.85              1.443584976817e-03
   62.35              1.417138227785e-03
   62.85              1.391112270304e-03
   63.35              1.365497140882e-03
   63.85              1.340283188114e-03
   64.35              1.315461060564e-03
   64.85              1.291021695197e-03
   65.35              1.266956306347e-03
   65.85              1.243256375186e-03
   66.35              1.219913639672e-03
   66.85              1.196920084943e-03
   67.35              1.174267934145e-03
   67.85              1.151949639660e-03
   68.35              1.129957874720e-03
   68.85              1.108285525394e-03
   69.35              1.086925682907e-03
   69.85              1.065871636304e-03
   70.35              1.045116865417e-03
   70.85              1.024655034132e-03
   71.35              1.004479983945e-03
   71.85              9.845857277765e-04
   72.35              9.649664440493e-04
   72.85              9.456164710116e-04
   73.35              9.265303012873e-04
   73.85              9.077025766507e-04
   74.35              8.891280830112e-04
   74.85              8.708017455994e-04
   75.35              8.527186243443e-04
   75.85              8.348739094340e-04
   76.35              8.172629170504e-04
   76.85              7.998810852704e-04
   77.35              7.827239701261e-04
   77.85              7.657872418174e-04
   78.35              7.490666810685e-04
   78.85              7.325581756239e-04
   79.35              7.162577168768e-04
   79.85              7.001613966237e-04
   80.35              6.842654039406e-04
   80.85              6.685660221751e-04
   81.35              6.530596260490e-04
   81.85              6.377426788676e-04
   82.35              6.226117298305e-04
   82.85              6.076634114396e-04
   83.35              5.928944370006e-04
   83.85              5.783015982138e-04
   84.35              5.638817628507e-04
   84.85              5.496318725125e-04
   85.35              5.355489404677e-04
   85.85              5.216300495649e-04
   86.35              5.078723502186e-04
   86.85              4.942730584641e-04
   87.35              4.808294540794e-04
   87.85              4.675388787713e-04
   88.35              4.543987344232e-04
   88.85              4.414064814015e-04
   89.35              4.285596369194e-04
   89.85              4.158557734555e-04
   90.35              4.032925172242e-04
   90.85              3.908675466971e-04
   91.35              3.785785911731e-04
   91.85              3.664234293946e-04
   92.35              3.543998882092e-04
   92.85              3.425058412746e-04
   93.35              3.307392078048e-04
   93.85              3.190979513565e-04
   94.35              3.075800786543e-04
   94.85              2.961836384530e-04
   95.35              2.849067204352e-04
   95.85              2.737474541442e-04
   96.35              2.627040079497e-04
   96.85              2.517745880452e-04
   97.35              2.409574374772e-04
   97.85              2.302508352033e-04
   98.35              2.196530951791e-04
   98.85              2.091625654739e-04
   99.35              1.987776274114e-04
   99.85              1.884966947377e-04
  100.35              1.783182128130e-04
  100.85              1.682406578286e-04
  101.35              1.582625360458e-04
  101.85              1.483823830581e-04
  102.35              1.385987630747e-04
  102.85              1.289102682249e-04
  103.35              1.193155178825e-04
  103.85              1.098131580104e-04
  104.35              1.004018605234e-04
  104.85              9.108032266898e-05
  105.35              8.184726642688e-05
  105.85              7.270143792443e-05
  106.35              6.364160686911e-05
  106.85              5.466656599680e-05
  107.35              4.577513053551e-05
  107.85              3.696613768397e-05
  108.35              2.823844610471e-05
  108.85              1.959093543109e-05
  109.35              1.102250578786e-05
  109.85              2.532077324819e-06
