# header:
#   title: bremsstrahlung for E-incident 181 MeV
# datablock:
#   columns: 2
#   entries: 362
## photon energy  phi_norm_per_MeV
##    [MeV]            []
    0.35              5.281444248954e-01
    0.85              2.168693205953e-01
    1.35              1.361683676287e-01
    1.85              9.908955140073e-02
    2.35              7.778895484426e-02
    2.85              6.396225181637e-02
    3.35              5.426292282666e-02
    3.85              4.708290006804e-02
    4.35              4.155345725394e-02
    4.85              3.716410574171e-02
    5.35              3.359519376447e-02
    5.85              3.063635221070e-02
    6.35              2.814346995673e-02
    6.85              2.601451211940e-02
    7.35              2.417520840960e-02
    7.85              2.257021090487e-02
    8.35              2.115742867016e-02
    8.85              1.990428284616e-02
    9.35              1.878516331350e-02
    9.85              1.777965997704e-02
   10.35              1.687130672140e-02
   10.85              1.604667265983e-02
   11.35              1.529469358166e-02
   11.85              1.460617265354e-02
   12.35              1.397340240786e-02
   12.85              1.338987498286e-02
   13.35              1.285005747734e-02
   13.85              1.234921596499e-02
   14.35              1.188327630019e-02
   14.85              1.144871304380e-02
   15.35              1.104246009727e-02
   15.85              1.066183825146e-02
   16.35              1.030449602926e-02
   16.85              9.968361060595e-03
   17.35              9.651599865342e-03
   17.85              9.352584395313e-03
   18.35              9.069864046267e-03
   18.85              8.802142124225e-03
   19.35              8.548255960429e-03
   19.85              8.307160031585e-03
   20.35              8.077911568532e-03
   20.85              7.859658235601e-03
   21.35              7.651627541215e-03
   21.85              7.453117702407e-03
   22.35              7.263489735581e-03
   22.85              7.082160585685e-03
   23.35              6.908597138139e-03
   23.85              6.742310983992e-03
   24.35              6.582853830015e-03
   24.85              6.429813462918e-03
   25.35              6.282810191171e-03
   25.85              6.141493699761e-03
   26.35              6.005540263055e-03
   26.85              5.874650269056e-03
   27.35              5.748546015240e-03
   27.85              5.626969741812e-03
   28.35              5.509681873090e-03
   28.85              5.396459441760e-03
   29.35              5.287094674188e-03
   29.85              5.181393717926e-03
   30.35              5.079175494983e-03
   30.85              4.980270666625e-03
   31.35              4.884520697227e-03
   31.85              4.791777006302e-03
   32.35              4.701900199177e-03
   32.85              4.614759367915e-03
   33.35              4.530231455133e-03
   33.85              4.448200674190e-03
   34.35              4.368557980029e-03
   34.85              4.291200585556e-03
   35.35              4.216031519075e-03
   35.85              4.142959218744e-03
   36.35              4.071897160512e-03
   36.85              4.002763516344e-03
   37.35              3.935480839891e-03
   37.85              3.869975777083e-03
   38.35              3.806178799354e-03
   38.85              3.744023957475e-03
   39.35              3.683448654144e-03
   39.85              3.624393433706e-03
   40.35              3.566801787506e-03
   40.85              3.510619973525e-03
   41.35              3.455796849121e-03
   41.85              3.402283715743e-03
   42.35              3.350034174651e-03
   42.85              3.299003992745e-03
   43.35              3.249150977665e-03
   43.85              3.200434861447e-03
   44.35              3.152817192043e-03
   44.85              3.106261232102e-03
   45.35              3.060731864441e-03
   45.85              3.016195503709e-03
   46.35              2.972620013759e-03
   46.85              2.929974630318e-03
   47.35              2.888229888554e-03
   47.85              2.847357555187e-03
   48.35              2.807330564806e-03
   48.85              2.768122960103e-03
   49.35              2.729709835738e-03
   49.85              2.692067285583e-03
   50.35              2.655172353108e-03
   50.85              2.619002984693e-03
   51.35              2.583537985673e-03
   51.85              2.548756978919e-03
   52.35              2.514640365800e-03
   52.85              2.481169289352e-03
   53.35              2.448325599530e-03
   53.85              2.416091820382e-03
   54.35              2.384451119047e-03
   54.85              2.353387276443e-03
   55.35              2.322884659540e-03
   55.85              2.292928195133e-03
   56.35              2.263503345002e-03
   56.85              2.234596082384e-03
   57.35              2.206192869680e-03
   57.85              2.178280637318e-03
   58.35              2.150846763693e-03
   58.85              2.123879056145e-03
   59.35              2.097365732886e-03
   59.85              2.071295405839e-03
   60.35              2.045657064326e-03
   60.85              2.020440059569e-03
   61.35              1.995634089933e-03
   61.85              1.971229186905e-03
   62.35              1.947215701728e-03
   62.85              1.923584292687e-03
   63.35              1.900325912992e-03
   63.85              1.877431799228e-03
   64.35              1.854893460347e-03
   64.85              1.832702667170e-03
   65.35              1.810851442367e-03
   65.85              1.789332050893e-03
   66.35              1.768136990866e-03
   66.85              1.747258984841e-03
   67.35              1.726690971482e-03
   67.85              1.706426097597e-03
   68.35              1.686457710528e-03
   68.85              1.666779350868e-03
   69.35              1.647384745493e-03
   69.85              1.628267800896e-03
   70.35              1.609422596805e-03
   70.85              1.590843380069e-03
   71.35              1.572524558802e-03
   71.85              1.554460696774e-03
   72.35              1.536646508028e-03
   72.85              1.519076851730e-03
   73.35              1.501746727214e-03
   73.85              1.484651269246e-03
   74.35              1.467785743463e-03
   74.85              1.451145542006e-03
   75.35              1.434726179320e-03
   75.85              1.418523288127e-03
   76.35              1.402532615548e-03
   76.85              1.386750019385e-03
   77.35              1.371171464543e-03
   77.85              1.355793019590e-03
   78.35              1.340610853449e-03
   78.85              1.325621232218e-03
   79.35              1.310820516106e-03
   79.85              1.296205156489e-03
   80.35              1.281771693072e-03
   80.85              1.267516751156e-03
   81.35              1.253437039012e-03
   81.85              1.239529345343e-03
   82.35              1.225790536842e-03
   82.85              1.212217555843e-03
   83.35              1.198807418048e-03
   83.85              1.185557210339e-03
   84.35              1.172464088673e-03
   84.85              1.159525276043e-03
   85.35              1.146738060514e-03
   85.85              1.134099793332e-03
   86.35              1.121607887090e-03
   86.85              1.109259813965e-03
   87.35              1.097053104013e-03
   87.85              1.084985343519e-03
   88.35              1.073054173411e-03
   88.85              1.061257287715e-03
   89.35              1.049592432078e-03
   89.85              1.038057402324e-03
   90.35              1.026650043071e-03
   90.85              1.015368246385e-03
   91.35              1.004209950485e-03
   91.85              9.931731384805e-04
   92.35              9.822558371639e-04
   92.85              9.714561158292e-04
   93.35              9.607720851355e-04
   93.85              9.502018960048e-04
   94.35              9.397437385555e-04
   94.85              9.293958410687e-04
   95.35              9.191564689882e-04
   95.85              9.090239239507e-04
   96.35              8.989965428473e-04
   96.85              8.890726969127e-04
   97.35              8.792507908438e-04
   97.85              8.695292619448e-04
   98.35              8.599065792980e-04
   98.85              8.503812429602e-04
   99.35              8.409517831834e-04
   99.85              8.316167596588e-04
  100.35              8.223747607831e-04
  100.85              8.132244029473e-04
  101.35              8.041643298460e-04
  101.85              7.951932118071e-04
  102.35              7.863097451412e-04
  102.85              7.775126515106e-04
  103.35              7.688006773151e-04
  103.85              7.601725930975e-04
  104.35              7.516271929644e-04
  104.85              7.431632940247e-04
  105.35              7.347797358438e-04
  105.85              7.264753799131e-04
  106.35              7.182491091345e-04
  106.85              7.100998273197e-04
  107.35              7.020264587030e-04
  107.85              6.940279474680e-04
  108.35              6.861032572873e-04
  108.85              6.782513708749e-04
  109.35              6.704712895509e-04
  109.85              6.627620328179e-04
  110.35              6.551226379493e-04
  110.85              6.475521595883e-04
  111.35              6.400496693580e-04
  111.85              6.326142554821e-04
  112.35              6.252450224150e-04
  112.85              6.179410904828e-04
  113.35              6.107015955328e-04
  113.85              6.035256885928e-04
  114.35              5.964125355396e-04
  114.85              5.893613167750e-04
  115.35              5.823712269117e-04
  115.85              5.754414744663e-04
  116.35              5.685712815606e-04
  116.85              5.617598836306e-04
  117.35              5.550065291426e-04
  117.85              5.483104793173e-04
  118.35              5.416710078597e-04
  118.85              5.350874006971e-04
  119.35              5.285589557228e-04
  119.85              5.220849825462e-04
  120.35              5.156648022503e-04
  120.85              5.092977471533e-04
  121.35              5.029831605780e-04
  121.85              4.967203966253e-04
  122.35              4.905088199546e-04
  122.85              4.843478055686e-04
  123.35              4.782367386036e-04
  123.85              4.721750141253e-04
  124.35              4.661620369286e-04
  124.85              4.601972213434e-04
  125.35              4.542799910441e-04
  125.85              4.484097788640e-04
  126.35              4.425860266141e-04
  126.85              4.368081849062e-04
  127.35              4.310757129800e-04
  127.85              4.253880785347e-04
  128.35              4.197447575639e-04
  128.85              4.141452341946e-04
  129.35              4.085890005306e-04
  129.85              4.030755564982e-04
  130.35              3.976044096965e-04
  130.85              3.921750752511e-04
  131.35              3.867870756700e-04
  131.85              3.814399407047e-04
  132.35              3.761332072125e-04
  132.85              3.708664190231e-04
  133.35              3.656391268083e-04
  133.85              3.604508879532e-04
  134.35              3.553012664324e-04
  134.85              3.501898326870e-04
  135.35              3.451161635058e-04
  135.85              3.400798419077e-04
  136.35              3.350804570284e-04
  136.85              3.301176040078e-04
  137.35              3.251908838815e-04
  137.85              3.202999034732e-04
  138.35              3.154442752905e-04
  138.85              3.106236174224e-04
  139.35              3.058375534392e-04
  139.85              3.010857122947e-04
  140.35              2.963677282299e-04
  140.85              2.916832406796e-04
  141.35              2.870318941802e-04
  141.85              2.824133382801e-04
  142.35              2.778272274513e-04
  142.85              2.732732210035e-04
  143.35              2.687509829997e-04
  143.85              2.642601821735e-04
  144.35              2.598004918484e-04
  144.85              2.553715898583e-04
  145.35              2.509731584701e-04
  145.85              2.466048843077e-04
  146.35              2.422664582777e-04
  146.85              2.379575754960e-04
  147.35              2.336779352172e-04
  147.85              2.294272407636e-04
  148.35              2.252051994578e-04
  148.85              2.210115225544e-04
  149.35              2.168459251749e-04
  149.85              2.127081262431e-04
  150.35              2.085978484216e-04
  150.85              2.045148180500e-04
  151.35              2.004587650842e-04
  151.85              1.964294230369e-04
  152.35              1.924265289190e-04
  152.85              1.884498231826e-04
  153.35              1.844990496650e-04
  153.85              1.805739555332e-04
  154.35              1.766742912305e-04
  154.85              1.727998104236e-04
  155.35              1.689502699501e-04
  155.85              1.651254297684e-04
  156.35              1.613250529073e-04
  156.85              1.575489054174e-04
  157.35              1.537967563227e-04
  157.85              1.500683775738e-04
  158.35              1.463635440018e-04
  158.85              1.426820332725e-04
  159.35              1.390236258424e-04
  159.85              1.353881049149e-04
  160.35              1.317752563973e-04
  160.85              1.281848688589e-04
  161.35              1.246167334900e-04
  161.85              1.210706440610e-04
  162.35              1.175463968828e-04
  162.85              1.140437907681e-04
  163.35              1.105626269926e-04
  163.85              1.071027092578e-04
  164.35              1.036638436541e-04
  164.85              1.002458386243e-04
  165.35              9.684850492813e-05
  165.85              9.347165560761e-05
  166.35              9.011510595238e-05
  166.85              8.677867346619e-05
  167.35              8.346217783382e-05
  167.85              8.016544088857e-05
  168.35              7.688828658035e-05
  168.85              7.363054094438e-05
  169.35              7.039203207035e-05
  169.85              6.717259007224e-05
  170.35              6.397204705857e-05
  170.85              6.079023710321e-05
  171.35              5.762699621674e-05
  171.85              5.448216231827e-05
  172.35              5.135557520772e-05
  172.85              4.824707653866e-05
  173.35              4.515650979154e-05
  173.85              4.208372024745e-05
  174.35              3.902855496229e-05
  174.85              3.599086274138e-05
  175.35              3.297049411455e-05
  175.85              2.996730131159e-05
  176.35              2.698113823816e-05
  176.85              2.401186045211e-05
  177.35              2.105932514018e-05
  177.85              1.812339109512e-05
  178.35              1.520391869315e-05
  178.85              1.230076987184e-05
  179.35              9.413808108364e-06
  179.85              6.542898398060e-06
  180.35              3.687907233419e-06
  180.85              8.487025833741e-07
